00000000000000000000000000000100
00000000000000000000010011010010
00000000000000000000000000000011
00000000000000000000001111100111
00000000000000000000000000000010
00000000000000000000000110100101
00000000000000000000000000000001
00000000000000000000110100000000
00000000000000000000000000001000
00000000000000000000100110011001
00000000000000000000000000000111
00000000000000000000101010001010
00000000000000000000000000000110
00000000000000000000101011111111
00000000000000000000000000000101
00000000000000000000110010101111
00000000000000000000110100000001
00000000000000000000000000000000
00000000000000000000000000000000
00000000000000000000000000000000
00000000000000000000000000000000
00000000000000000000000000000000
00000000000000000000000000000000
00000000000000000000000000000000
