00000000000000000000110100000001
00000000000000000000000000000000
00000000000000000000000000000000
00000000000000000000000000000000
00000000000000000000000000000000
00000000000000000000000000000000
00000000000000000000000000000000
00000000000000000000000000000000
10010100010101110000110011111111
00000000000000000000000000000000
00000000000000000000000000000000
00000000000000000000000000000000
00000000000000000000000000000000
00000000000000000000000000000000
00000000000000000000000000000000
00000000000000000000000000000000
00000000000000000000000111110100
00000000000000000000000000000000
00000000000000000000000000000000
00000000000000000000000000000000
00000000000000000000000000000000
00000000000000000000000000000000
00000000000000000000110011100111
00000000000000000000000000000000
00000000000000000000011100110010
00000000000000000000000000000000
00000000000000000000000000000000
00000000000000000000000000000000
00000000000000000000000000000000
00000000000000000000000000000000
00000000000000000000000000000000
00000000000000000000000000000000
00000000000000000000100101111101
00000000000000000000101100011101
00000000000000000000000110101001
00000000000000000000001100011011
00000000000000000000011101001001
00000000000000000000010101001100
00000000000000000000001001110000
00000000000000000000000000011111
00000000000000000000100110110011
00000000000000000000100010010101
00000000000000000000101010100101
00000000000000000000101001101100
00000000000000000000101010010011
00000000000000000000001000000101
00000000000000000000010111010000
00000000000000000000100010010010
00000000000000000000011110110011
00000000000000000000001100100011
00000000000000000000001110011010
00000000000000000000000011100111
00000000000000000000100100001111
00000000000000000000001001100101
00000000000000000000010000110011
00000000000000000000001001011110
00000000000000000000000100110010
00000000000000000000110001000111
00000000000000000000010101100100
00000000000000000000101010011110
00000000000000000000010010000011
00000000000000000000001000010011
00000000000000000000001100110010
00000000000000000000011000110010
00000000000000000000101100111010
00000000000000000000000010011011
00000000000000000000000100110000
00000000000000000000010110100010
00000000000000000000101000111011
00000000000000000000011010110000
00000000000000000000100001111001
00000000000000000000100001101111
00000000000000000000010111000111
00000000000000000000101001001010
00000000000000000000101100110000
00000000000000000000011111011110
00000000000000000000011010001111
00000000000000000000110010000000
00000000000000000000000001100110
00000000000000000000011110000011
00000000000000000000011001000011
00000000000000000000001000101110
00000000000000000000001010101001
00000000000000000000000100111100
00000000000000000000001000000101
00000000000000000000001110100011
00000000000000000000011011000100
00000000000000000000011111001111
00000000000000000000011111101000
00000000000000000000010001000110
00000000000000000000100011100100
00000000000000000000100001101111
00000000000000000000100010001011
00000000000000000000011110110101
00000000000000000000101001001101
00000000000000000000100001101110
00000000000000000000100101000101
00000000000000000000000011000110
00000000000000000000101110101010
00000000000000000000000011110111
00000000000000000000010111001010
00000000000000000000000111000001
00000000000000000000010010000101
00000000000000000000010100001010
00000000000000000000010000100001
00000000000000000000100010101100
00000000000000000000010001100100
00000000000000000000001111111011
00000000000000000000000110010000
00000000000000000000100010011110
00000000000000000000010011001001
00000000000000000000100010111001
00000000000000000000010101100000
00000000000000000000101101000000
00000000000000000000101001101000
00000000000000000000001001100110
00000000000000000000011110101000
00000000000000000000011110110110
00000000000000000000101101110110
00000000000000000000101001110111
00000000000000000000101100101100
00000000000000000000100010101001
00000000000000000000101101010001
00000000000000000000110010100010
00000000000000000000011101110001
00000000000000000000000000100100
00000000000000000000100100000010
00000000000000000000100001100001
00000000000000000000000011011011
00000000000000000000001001000101
00000000000000000000101110111000
00000000000000000000010101100010
00000000000000000000100101011000
00000000000000000000101100010011
00000000000000000000011010010101
00000000000000000000010001000011
00000000000000000000010000011110
00000000000000000000100001100110
00000000000000000000001000011111
00000000000000000000110001111000
00000000000000000000100111010110
00000000000000000000110010101110
00000000000000000000100011100101
00000000000000000000001000111010
00000000000000000000000011101111
00000000000000000000100111011010
00000000000000000000001101000110
00000000000000000000011111000110
00000000000000000000000001111110
00000000000000000000101001001101
00000000000000000000000001111110
00000000000000000000001100110010
00000000000000000000110010100000
00000000000000000000010000110011
00000000000000000000001110101100
00000000000000000000001011100110
00000000000000000000101000111001
00000000000000000000001001110110
00000000000000000000001010001010
00000000000000000000101011011000
00000000000000000000101000101110
00000000000000000000000111100010
00000000000000000000100010100000
00000000000000000000001101100100
00000000000000000000011110011101
00000000000000000000100001100101
00000000000000000000101111111010
00000000000000000000011101101000
00000000000000000000101110110100
00000000000000000000100100000010
00000000000000000000000000111111
00000000000000000000001101110011
00000000000000000000100110011111
00000000000000000000010100100001
00000000000000000000011110011111
00000000000000000000101110110111
00000000000000000000000001100001
00000000000000000000011100001110
00000000000000000000101100001110
00000000000000000000100000111000
00000000000000000000011011101011
00000000000000000000100110010101
00000000000000000000000101110010
00000000000000000000101000101101
00000000000000000000001101100111
00000000000000000000010110111011
00000000000000000000100101111010
00000000000000000000011111000001
00000000000000000000100100111011
00000000000000000000001010010010
00000000000000000000001111110111
00000000000000000000001010001111
00000000000000000000000111110101
00000000000000000000001010011000
00000000000000000000010011100001
00000000000000000000110000110000
00000000000000000000000001101010
00000000000000000000110000011100
00000000000000000000010011111010
00000000000000000000011101111111
00000000000000000000011101100010
00000000000000000000100001100011
00000000000000000000011110101001
00000000000000000000011110011101
00000000000000000000011011001010
00000000000000000000000111001101
00000000000000000000101011010100
00000000000000000000010011110110
00000000000000000000110000010111
00000000000000000000100000101001
00000000000000000000010000011011
00000000000000000000101000010000
00000000000000000000011001011100
00000000000000000000011011000111
00000000000000000000110001111011
00000000000000000000011111110010
00000000000000000000001010001111
00000000000000000000001000001100
00000000000000000000110001111011
00000000000000000000001110000101
00000000000000000000011111010111
00000000000000000000010110001011
00000000000000000000000010011101
00000000000000000000100100011110
00000000000000000000100100101000
00000000000000000000101100001001
00000000000000000000001001111010
00000000000000000000001101010010
00000000000000000000100111011011
00000000000000000000101001010010
00000000000000000000001010100000
00000000000000000000011001000100
00000000000000000000000011011000
00000000000000000000110011010000
00000000000000000000010100100101
00000000000000000000001110001001
00000000000000000000010010001101
00000000000000000000010111111100
00000000000000000000101111110011
00000000000000000000001100001001
00000000000000000000000011110010
00000000000000000000011011011000
00000000000000000000100000000100
00000000000000000000001000010101
00000000000000000000001111101110
00000000000000000000011101000010
00000000000000000000100100100000
00000000000000000000010010011111
00000000000000000000011001111000
00000000000000000000011010000100
00000000000000000000011111110101
00000000000000000000101110000010
00000000000000000000100010001000
00000000000000000000010000011000
00000000000000000000000001101000
00000000000000000000101100001001
00000000000000000000001101101101
00000000000000000000000001101111
00000000000000000000010101010011
00000000000000000000011111000101
00000000000000000000011111001011
00000000000000000000001010010011
00000000000000000000000000001100
00000000000000000000000111111010
00000000000000000000011000001111
00000000000000000000011111100110
00000000000000000000110010001100
00000000000000000000011000110111
00000000000000000000011001100101
00000000000000000000100100011010
00000000000000000000011001011001
00000000000000000000101011101011
00000000000000000000001100000110
00000000000000000000000001000110
00000000000000000000001111101010
00000000000000000000110001111010
00000000000000000000001110100000
00000000000000000000001111011011
00000000000000000000101010011101
00000000000000000000101110111101
00000000000000000000101101000011
00000000000000000000000010010101
00000000000000000000101000100010
00000000000000000000110000100001
00000000000000000000100111000110
00000000000000000000100001010110
00000000000000000000101010011101
00000000000000000000100011111111
00000000000000000000010110100001
00000000000000000000000000000000
00000000000000000000000000000000
00000000000000000000000000000000
00000000000000000000000000000000
00000000000000000000000000000000
00000000000000000000000000000000
00000000000000000000000000000000
