00000000000000000000101110101100
00000000000000000000000000000001
00000000000000000000101110101100
00000000000000000000000000000001
00000000000000000000101110101100
00000000000000000000000000000001
00000000000000000000101110101100
00000000000000000000000000000001
00000000001101010101111011110000
00000000010100110100111101011100
00000000011100010011111111001000
00000000000011110101000000110011
00000000001011010100000010011111
00000000010010110011000100001011
00000000011010010010000101110111
00000000000001110011000111100010
00000000011111111110000000000001
00000000000000000000000000000000
00000000000000000000000000000000
00000000000000000000000000000000
00000000000000000000000000000000
00000000000000000000000000000000
00000000000000000000000000000000
00000000000000000000000000000000
11111100011111111101111111111111
00000000000000000000000000000000
00000000000000000000000000000000
00000000000000000000000000000000
00000000000000000000000000000000
00000000000000000000000000000000
00000000000000000000000000000000
00000000000000000000000000000000
00000000001010010100101001100111
00000000010000111110011011100110
00000000011010001000110010000010
00000000000111111110101010010011
00000000001000110101100011010100
00000000001100111111111101011010
00000000001110100100000111111000
00000000000000000000000000001000
00000000001010011001011001011000
00000000001010010100101001100111
00000000010000111110011011100110
00000000000000000000000000010000
00000000000000000000000000011001
00000000000000000000000000100100
00000000000000000000000000110001
00000000000000000000000001000000
00000000011000011011011000110011
00000000011010101000000110011001
00000000000011001110100101001010
00000000010000111100101000110111
00000000010001010100100000101000
00000000001101110101111110101001
00000000001010101011000011010011
00000000000000000000000000001000
