00000000011111111110000000000001
00000000000000000000000000000000
00000000000000000000000000000000
00000000000000000000000000000000
00000000000000000000000000000000
00000000000000000000000000000000
00000000000000000000000000000000
00000000000000000000000000000000
11111100011111111101111111111111
00000000000000000000000000000000
00000000000000000000000000000000
00000000000000000000000000000000
00000000000000000000000000000000
00000000000000000000000000000000
00000000000000000000000000000000
00000000000000000000000000000000
00000000010001010100100000101000
00000000000000000000000000000000
00000000000000000000000000000000
00000000000000000000000000000000
00000000000000000000000000000000
00000000000000000000000000000000
00000000000000000000000000000000
00000000000000000000000000000000
00000000011000011011011000110011
00000000000000000000000000000000
00000000000000000000000000000000
00000000000000000000000000000000
00000000000000000000000000000000
00000000000000000000000000000000
00000000000000000000000000000000
00000000000000000000000000000000
00000000011110100110111100001111
00000000010010111000011110110110
00000000010100111111101011010001
00000000011011100100100001111110
00000000001111100011011001101100
00000000000011011100100100100101
00000000001000101110011000001001
00000000001100111011011111010011
00000000000101100001100000000000
00000000001110111011000101100011
00000000001110100111110101000000
00000000010100010110011111110001
00000000011110011000110110000101
00000000011110111110001011001101
00000000011011010000010111110001
00000000011100011101010111001000
00000000011111010010000011010101
00000000010101100011101100110111
00000000010110010001111100111001
00000000000000000000011111111001
00000000011111110001011101010001
00000000001000110000101010100011
00000000011101000101011001100100
00000000011101100110100011010100
00000000011001000001000111010110
00000000001001011001010101101011
00000000000010010000100100100000
00000000011100111110100010101101
00000000000001110111101111011010
00000000010001011011110100110010
00000000000010000010101001010001
00000000010110100001110100101110
00000000001000101010000010000011
00000000000000000110010001110000
00000000000000001111111011111111
00000000010111000110100010011000
00000000000001101010110111011111
00000000010100101111100110110001
00000000000000001011000010011001
00000000001101110101111001111110
00000000010110101000010010011000
00000000010010101010010101110100
00000000010000110010001111111000
00000000001100100001011110100111
00000000010101010010000111001100
00000000000111110010000101101011
00000000011111000000101100010001
00000000001111001010101011001111
00000000000011011000011011100011
00000000010100000111111011010101
00000000000110100010110010101111
00000000001001001111010101100001
00000000000001111010111101100110
00000000001001100010011100000000
00000000001101010000011110100100
00000000001000001000000110101011
00000000011101010000111111000111
00000000011101011001100100000110
00000000010111100111010111100111
00000000000111001010010011010111
00000000000111001010111111011110
00000000011011111111111010101001
00000000010011110011100101011011
00000000011100010000110000001001
00000000001111011011111010101010
00000000011001000000010110010001
00000000000011010010010110000000
00000000010011111111101111000110
00000000001100110010010101100001
00000000011110011001001101000001
00000000011111011011110110111000
00000000001011000110001100011011
00000000000100000111000101001011
00000000011010111101101101110010
00000000000100000011101010011000
00000000000111111100010101011101
00000000000100101011100100010010
00000000010010101100101100101010
00000000010111011100111101100110
00000000010001001110101001101110
00000000011101101100100101000110
00000000010010101110011111010111
00000000001001011111111001100000
00000000011110101110110000111001
00000000000110111001001110001010
00000000001011111110111010011010
00000000010000000011110111001001
00000000001001011000110010100111
00000000011000011011101011011101
00000000010111000110011010000100
00000000000010101010110111001110
00000000011111000100011001010110
00000000000000101000111111110101
00000000001010101111010100001101
00000000010100001111111110101010
00000000011101110000100010110111
00000000011011110110100111100110
00000000001010110011100001101010
00000000010111101111101011100000
00000000010000001001100110111110
00000000001111001100110001000010
00000000011010100101100011100000
00000000011011011001110010001110
00000000010111011001010100100001
00000000001011101101100000100001
00000000011100100110111100100010
00000000010101001101010010011100
00000000011011111000100101101110
00000000010100100111101010010111
00000000010011010101101000010001
00000000001100101010100110000100
00000000001001010110011111100110
00000000001011100110111110101011
00000000001011101101100111110111
00000000001111001000011101011110
00000000010111110100100001001000
00000000000111111100110000011111
00000000001000010101101101001010
00000000011110001100111000110001
00000000010101110111010110111010
00000000011111111000010011110101
00000000010010010100000111110100
00000000001101001000111011000011
00000000011000100100111011111001
00000000001011111111001010101110
00000000010001000110100000010011
00000000001111100000011111101010
00000000000111100101000010001111
00000000011111111010111110011011
00000000010001100110110111101101
00000000000000100011010010110000
00000000001111111100000001011111
00000000001010011010010001011100
00000000011011001001111000110011
00000000000100101010111111000010
00000000001011010111011101010000
00000000001010001110001010001000
00000000001001111111101110001000
00000000001100011011001001010010
00000000011100010100111011101011
00000000010001001001101000011000
00000000011000001101111111000101
00000000011010010110001100011010
00000000010001011100000110110001
00000000010100101110001111000011
00000000010000110110010001100100
00000000001100100110101001111100
00000000010101010001100101000101
00000000001100000110110111011001
00000000010111001000001010111000
00000000011111010100010101001101
00000000000100100001100111110100
00000000001011101111001100100111
00000000011101111010010011001011
00000000001010111101110110010111
00000000000111101011100110110000
00000000010010101001011000101110
00000000010101001001010111000101
00000000010111011101010100111101
00000000011010110110001101111001
00000000001010010100001000100000
00000000000000100100010001111011
00000000000100011111101100101000
00000000010100111101010011001010
00000000001010111101000001011010
00000000001001001000100111101111
00000000010001010000101011100000
00000000000010011000110111100110
00000000011111000010110011011100
00000000000111101101010101001101
00000000001011001011100000010011
00000000011010011111001100110011
00000000001100100101000100101100
00000000001100100111111100000011
00000000011110010110110100101011
00000000001101010011111100101011
00000000000100001100111101011001
00000000001000011001000101111110
00000000001010001011010111011011
00000000000001001100000001101111
00000000010001100110111011110011
00000000000001000001100001011100
00000000011110000000111001001100
00000000000100011100011011100010
00000000010111110101000000010011
00000000011110010010000011000010
00000000001101000110111001100100
00000000010011011101101100010110
00000000000100110100101111101110
00000000010110111101111110010101
00000000001100100110100010000100
00000000000000011001011001101110
00000000000000111101100100010000
00000000011000100000111000011101
00000000001111010000001101011001
00000000000011100000010100101011
00000000010000010101011010111001
00000000001010011110100110000011
00000000000100111001100111111001
00000000010101100011110000000110
00000000011010101100101100011011
00000000000110111011110000010010
00000000000010000000111111111100
00000000001001101000101011011001
00000000010011010111111101010010
00000000011110100001110011110010
00000000001000000011001101111011
00000000000111110101001100110010
00000000000000100101111010101001
00000000001110001011110101001110
00000000010110000010001101000000
00000000011010010101110100001000
00000000010100111110100000001000
00000000011011101011001110000110
00000000010111000100010100011010
00000000011000010001000001000000
00000000000011011111011111110010
00000000000000010101010010111100
00000000000100111000111010101000
00000000001101111010011110100101
00000000011111111001111110010011
00000000001101001010101011011001
00000000010111101011111000011101
00000000000110110001101111101111
00000000000100010011100110101011
00000000011010011000001101001101
00000000001111110101111010010011
00000000000011111000101000111111
00000000011000000100000011100110
00000000000011101111111110001001
00000000001101100110000001010010
00000000000100111001010111001001
00000000000110001011000110010100
00000000000100100001100110101101
00000000000000000011001011010000
00000000000010111001011011111010
00000000011000011111101100110111
00000000010100001100001010101010
00000000001001011001000101001000
00000000011100001011101001111011
00000000011011110000011001010101
00000000000101000111111110110111
00000000000100111101101011100101
00000000000011101110110000101001
00000000001110111001001000011111
00000000000000101111010111000010
00000000010011101110111000110010
00000000000101011101000000101110
00000000001001010000001011000000
00000000000000010000101110010011
00000000001110011010001011110001
00000000011010111010110110111110
00000000011001000000011100111111
00000000000011101111101111001011
00000000011110110011011010111001
00000000001100100000100010011011
00000000000000000011111111111110
00000000000000000000000000000000
00000000000000000000000000000000
00000000000000000000000000000000
00000000000000000000000000000000
00000000000000000000000000000000
00000000000000000000000000000000
00000000000000000000000000000000
