01101001100001010101100100011110
01100001101001011010100011010110
11010000001000100001111101000001
01001001110111100110110101110101
11000011011000100011111101000001
11110110100000110101100000110001
01001011101001101000010011110010
11111011110000100000110010001110
10111101000011110000100010011101
01011101111001101110111001001101
01101101101110010101011011101100
01100000111100111001110110100000
00010110100101001000001110010010
00011010000111001001100011100001
10000100110110000001110110011000
00010000101011010110011100110011
