00000000000000000011000000000001
00000000000000000000000000000000
00000000000000000000000000000000
00000000000000000000000000000000
00000000000000000000000000000000
00000000000000000000000000000000
00000000000000000000000000000000
00000000000000000000000000000000
11110111000000000010111111111111
00000000000000000000000000000000
00000000000000000000000000000000
00000000000000000000000000000000
00000000000000000000000000000000
00000000000000000000000000000000
00000000000000000000000000000000
00000000000000000000000000000000
00000000000000000001111001000011
00000000000000000000000000000000
00000000000000000000000000000000
00000000000000000000000000000000
00000000000000000000000000000000
00000000000000000000000000000000
00000000000000000000000000000000
00000000000000000000000000000000
00000000000000000001111001000011
00000000000000000000000000000000
00000000000000000000000000000000
00000000000000000000000000000000
00000000000000000000000000000000
00000000000000000000000000000000
00000000000000000000000000000000
00000000000000000000000000000000
00000000000000000000101110000110
00000000000000000000000000000000
00000000000000000000000000000000
00000000000000000000000000000000
00000000000000000000000000000000
00000000000000000000000000000000
00000000000000000000000000000000
00000000000000000000000000000000
00000000000000000000101110000110
00000000000000000000000000000000
00000000000000000000000000000000
00000000000000000000000000000000
00000000000000000000000000000000
00000000000000000000000000000000
00000000000000000000000000000000
00000000000000000000000000000000
00000000000000000000000000110111
00000000000000000000001111001001
00000000000000000001011000011100
00000000000000000001011111100101
00000000000000000001110110010111
00000000000000000000000011010000
00000000000000000010111001100001
00000000000000000010010011010100
00000000000000000001010101011101
00000000000000000001010101001001
00000000000000000001000110101010
00000000000000000010110001001000
00000000000000000000011100000111
00000000000000000010001110001101
00000000000000000000100110001111
00000000000000000000100100100011
00000000000000000010010011000111
00000000000000000010100100000001
00000000000000000010000110101000
00000000000000000010111010110001
00000000000000000001101010010000
00000000000000000000001100111101
00000000000000000001001001000101
00000000000000000000011111000010
00000000000000000000111111101010
00000000000000000000100010101010
00000000000000000010111110000010
00000000000000000000000001001101
00000000000000000001000101110000
00000000000000000000010111111100
00000000000000000000101100100110
00000000000000000000011000101010
00000000000000000000001001011011
00000000000000000010001100000100
00000000000000000000111111010000
00000000000000000001010010001001
00000000000000000001011100100101
00000000000000000000010010110010
00000000000000000001011101100101
00000000000000000001110110010011
00000000000000000010101011110011
00000000000000000000100001000110
00000000000000000001110111000101
00000000000000000001110010001100
00000000000000000001010101011100
00000000000000000000111001100001
00000000000000000000110110100111
00000000000000000000111111111010
00000000000000000001000001101001
00000000000000000000011101111000
00000000000000000010110110110000
00000000000000000010000100011001
00000000000000000001101001000000
00000000000000000001010010001011
00000000000000000001001100010110
00000000000000000010101000001101
00000000000000000010010001000011
00000000000000000010001010011101
00000000000000000001011011001011
00000000000000000000110001001001
00000000000000000010001101101001
00000000000000000001000110000101
00000000000000000001111011001101
00000000000000000000010110110000
00000000000000000001110011001001
00000000000000000000000110011001
00000000000000000001010110010101
00000000000000000000100001110100
00000000000000000010000110001110
00000000000000000001011001011010
00000000000000000000111011011000
00000000000000000010011100010000
00000000000000000001110010100111
00000000000000000000101011110010
00000000000000000001011111101101
00000000000000000000101100010101
00000000000000000001000001001110
00000000000000000001001001001101
00000000000000000010100000010011
00000000000000000000010110100100
00000000000000000000001000100010
00000000000000000000111011001001
00000000000000000000001100110011
00000000000000000001111101100101
00000000000000000001000111010111
00000000000000000001000100111100
00000000000000000000011101111111
00000000000000000001001001010011
00000000000000000001111001111100
00000000000000000010111101001010
00000000000000000000010011011111
00000000000000000000100001101100
00000000000000000010111110010100
00000000000000000010000111101100
00000000000000000001010111111000
00000000000000000000101111111111
00000000000000000001010011110010
00000000000000000001000010100111
00000000000000000010101111011000
00000000000000000010011111101111
00000000000000000010101100001110
00000000000000000000101111010101
00000000000000000000000000011010
00000000000000000010010110101001
00000000000000000010011001010111
00000000000000000000000001100101
00000000000000000000111110101010
00000000000000000010001100001001
00000000000000000001111001110100
00000000000000000010000011101100
00000000000000000010110111010001
00000000000000000000101011100101
00000000000000000000110111110001
00000000000000000010010011010101
00000000000000000010101101101000
00000000000000000010100101011111
00000000000000000000000001111111
00000000000000000001101011111101
00000000000000000010101001000000
00000000000000000000001100000000
00000000000000000010110100001110
00000000000000000001111111001111
00000000000000000000001101111100
00000000000000000001101011011111
00000000000000000010111001001001
00000000000000000000111000101000
00000000000000000010111011001001
00000000000000000001010111000100
00000000000000000001000011110001
00000000000000000010100110010111
00000000000000000001001001000100
00000000000000000001111110111110
00000000000000000001011010010001
00000000000000000000110110101000
00000000000000000000000010100000
00000000000000000000000110010101
00000000000000000001100011100111
00000000000000000000011000111111
00000000000000000000101001000001
00000000000000000001100000001010
00000000000000000000100011001101
00000000000000000000000010010001
00000000000000000000001110100011
00000000000000000010110001000010
00000000000000000000010010100000
00000000000000000000101101111000
00000000000000000000011000011011
00000000000000000010110001110011
00000000000000000010000101000011
00000000000000000001111110000010
00000000000000000010011011111010
00000000000000000010011100000100
00000000000000000010101011100011
00000000000000000001010101011011
00000000000000000000010101111001
00000000000000000001100001100110
00000000000000000010111101110000
00000000000000000010101111101001
00000000000000000000111100000000
00000000000000000000111000101011
00000000000000000000101101111000
00000000000000000000000001101111
00000000000000000000001110110100
00000000000000000001111001111100
00000000000000000010100100011010
00000000000000000000100111110010
00000000000000000000001010101111
00000000000000000000001000010100
00000000000000000010000000011110
00000000000000000010101010111001
00000000000000000000001000100001
00000000000000000001101001110111
00000000000000000010111011100011
00000000000000000000000101010000
00000000000000000010010010100101
00000000000000000001100010000111
00000000000000000000111110111100
00000000000000000010001010110100
00000000000000000010110011111001
00000000000000000000110100110111
00000000000000000000110010000100
00000000000000000001000100100001
00000000000000000000010110010001
00000000000000000001100011111010
00000000000000000010000011110111
00000000000000000001010010000011
00000000000000000010101100110000
00000000000000000001010000010100
00000000000000000001000100101101
00000000000000000001100011010011
00000000000000000010000101101101
00000000000000000010111111101111
00000000000000000010111100110001
00000000000000000001011010011111
00000000000000000000100001000011
00000000000000000010011110100000
00000000000000000010001110111000
00000000000000000001010100011110
00000000000000000001100110011101
00000000000000000000011000010101
00000000000000000000100001111001
00000000000000000001010000011100
00000000000000000010110110000110
00000000000000000001100101100100
00000000000000000001101111000001
00000000000000000000111101000001
00000000000000000010110110101100
00000000000000000000010000001110
00000000000000000001011100111101
00000000000000000010101010010000
00000000000000000010010001111100
00000000000000000000011110011010
00000000000000000010001000001011
00000000000000000010110100001010
00000000000000000001111101011110
00000000000000000000101101011000
00000000000000000010010010101000
00000000000000000010001100001000
00000000000000000001010010100001
00000000000000000000101101000100
00000000000000000010010001000110
00000000000000000001101011100100
00000000000000000000010010011011
00000000000000000000010110100100
00000000000000000001001101000110
00000000000000000000111011111000
00000000000000000010101101100000
00000000000000000001001101000101
00000000000000000001101100101110
00000000000000000010001000110000
00000000000000000010011001011100
00000000000000000000001011001111
00000000000000000010011000100011
00000000000000000001011111111100
00000000000000000000001101010000
00000000000000000000001101000100
00000000000000000010110111011001
00000000000000000010001011101110
00000000000000000000011100000001
00000000000000000001101011110101
00000000000000000001101101001101
00000000000000000010111010010110
00000000000000000001011101110100
00000000000000000000011000100011
00000000000000000001111001100100
00000000000000000010011000101110
00000000000000000000000110011100
00000000000000000000101110111001
00000000000000000000110111100110
00000000000000000000001001000011
00000000000000000000111110110100
00000000000000000001110011011000
00000000000000000001100011000101
00000000000000000010110111000000
00000000000000000010011010110000
00000000000000000001001101110000
00000000000000000000001000100011
00000000000000000000000000100110
00000000000000000001100100001001
00000000000000000010100011000101
00000000000000000010110011100110
00000000000000000000000000111110
00000000000000000010011000111101
00000000000000000000100100010101
00000000000000000000010100100010
00000000000000000000100111010100
00000000000000000001101010111110
00000000000000000010001010100110
00000000000000000010110101100000
00000000000000000010100110001011
00000000000000000001010111110101
00000000000000000010010111000001
00000000000000000000110001110101
00000000000000000001001000010000
00000000000000000000001011001110
00000000000000000010010100010110
00000000000000000010111101011100
00000000000000000000101111001000
00000000000000000001111010001011
00000000000000000010110011001010
00000000000000000000001100111001
00000000000000000010110001010101
00000000000000000000000001101000
00000000000000000000011011001011
00000000000000000010101110000101
00000000000000000001111101010101
00000000000000000001110011010101
00000000000000000000111010101111
00000000000000000010111011000000
00000000000000000010010110010110
00000000000000000010011100111110
00000000000000000010010001000010
00000000000000000010101010000001
00000000000000000000010111111101
00000000000000000000000001010110
00000000000000000010001000111011
00000000000000000010001000110110
00000000000000000000100010101011
00000000000000000010110100101110
00000000000000000010010000001001
00000000000000000000001110000011
00000000000000000010100110111111
00000000000000000010011000100001
00000000000000000010000100011100
00000000000000000000001100001110
00000000000000000010001100000100
00000000000000000000111001111011
00000000000000000001001100110100
00000000000000000000010101000000
00000000000000000010101011110010
00000000000000000010111101000010
00000000000000000010011011101011
00000000000000000000011100101001
00000000000000000000100111001101
00000000000000000001111001001110
00000000000000000000011010111000
00000000000000000000100100111010
00000000000000000001001011000010
00000000000000000010011000000101
00000000000000000000111110010101
00000000000000000010000111011010
00000000000000000010011011011010
00000000000000000000010111010001
00000000000000000000110011100011
00000000000000000001001110011001
00000000000000000000110000101101
00000000000000000000110101100111
00000000000000000001010110101110
00000000000000000000011011011011
00000000000000000010010001100001
00000000000000000000000011011010
00000000000000000000011000101101
00000000000000000010000110110000
00000000000000000000100100110011
00000000000000000000001100000100
00000000000000000010011000110111
00000000000000000010011110000010
00000000000000000001010010011100
00000000000000000000001100010010
00000000000000000010100110000100
00000000000000000000001000000101
00000000000000000000110101011100
00000000000000000001000000000101
00000000000000000010101001100010
00000000000000000001010110111000
00000000000000000000011111110011
00000000000000000010001110010111
00000000000000000000010001001100
00000000000000000001000010001111
00000000000000000001110001110010
00000000000000000000100101011110
00000000000000000000101101000001
00000000000000000010100011110101
00000000000000000000111000110111
00000000000000000010101100110001
00000000000000000010011111001100
00000000000000000000010111111011
00000000000000000010010111011110
00000000000000000010110101010101
00000000000000000000100001100111
00000000000000000010001101100110
00000000000000000010000101111010
00000000000000000010010001001110
00000000000000000000010100011011
00000000000000000000100110010100
00000000000000000010101111000010
00000000000000000000101000111010
00000000000000000000011010100111
00000000000000000001111100101011
00000000000000000001100110100100
00000000000000000001010010111101
00000000000000000001000011111111
00000000000000000001010111001010
00000000000000000010111000100111
00000000000000000001001011000101
00000000000000000010111010110000
00000000000000000001100010100011
00000000000000000010110001100011
00000000000000000010000011001010
00000000000000000010110000101011
00000000000000000001011010111001
00000000000000000000101110011100
00000000000000000010100111111010
00000000000000000000111010001100
00000000000000000010110011100100
00000000000000000010101001101111
00000000000000000000001111000101
00000000000000000001010111011110
00000000000000000000110000101101
00000000000000000001011011110010
00000000000000000001110001010011
00000000000000000000110011000000
00000000000000000000001001101011
00000000000000000001100111110110
00000000000000000000011010000101
00000000000000000010011100101000
00000000000000000010101110100110
00000000000000000001111110100011
00000000000000000001011101110001
00000000000000000010000011100000
00000000000000000001100111110000
00000000000000000010101011000001
00000000000000000001100100101110
00000000000000000010100101010100
00000000000000000001000001010110
00000000000000000010000011011110
00000000000000000001011110001000
00000000000000000000110100101000
00000000000000000010011101010010
00000000000000000001111111011001
00000000000000000000001001111010
00000000000000000001011111010011
00000000000000000000010100001000
00000000000000000001000011101010
00000000000000000001000100101010
00000000000000000000010111001011
00000000000000000010000001100010
00000000000000000000001101100001
00000000000000000001111110110001
00000000000000000000001111000101
00000000000000000010111011110110
00000000000000000010100100100001
00000000000000000001011000000110
00000000000000000001110010011001
00000000000000000000101110011100
00000000000000000000110111110011
00000000000000000000101111011111
00000000000000000001100011010100
00000000000000000010101100000000
00000000000000000001011111101100
00000000000000000001100100110100
00000000000000000001101100001110
00000000000000000001111101111101
00000000000000000010010101011101
00000000000000000010010010001100
00000000000000000000111101011001
00000000000000000000110011110110
00000000000000000001110001100001
00000000000000000001000101110100
00000000000000000010010111101110
00000000000000000001001011000011
00000000000000000001001010100010
00000000000000000001100110110011
00000000000000000001001111001111
00000000000000000000101110100110
00000000000000000000010111011001
00000000000000000010011110000001
00000000000000000001000110000010
00000000000000000010010111010010
00000000000000000010101100011111
00000000000000000001110010111010
00000000000000000010000011110100
00000000000000000001011000100001
00000000000000000000101100110101
00000000000000000001111100111110
00000000000000000001011001010110
00000000000000000010010011111011
00000000000000000000111010100101
00000000000000000001001101011100
00000000000000000010000011111111
00000000000000000010100100000000
00000000000000000010111000011011
00000000000000000010100110000011
00000000000000000010011101110110
00000000000000000001111000000010
00000000000000000000010011111101
00000000000000000001000010011111
00000000000000000010101111011101
00000000000000000000000011111011
00000000000000000001110111001011
00000000000000000001101100011000
00000000000000000000101111010011
00000000000000000000100111010011
00000000000000000000100100100011
00000000000000000001110010010001
00000000000000000000101100100011
00000000000000000001010011100010
00000000000000000000010111001001
00000000000000000010001010010110
00000000000000000001110010101101
00000000000000000010011101011011
00000000000000000000110001110111
00000000000000000001000000001110
00000000000000000001111010100011
00000000000000000010100101110001
00000000000000000010100001100111
00000000000000000000000000011010
00000000000000000001001100010101
00000000000000000000111010111011
00000000000000000010110100000100
00000000000000000010000100011000
00000000000000000000101000111111
00000000000000000010011100111000
00000000000000000001111011110111
00000000000000000001110011101000
00000000000000000000001010010100
00000000000000000000011000110001
00000000000000000010111001110011
00000000000000000010011010011010
00000000000000000000001011010100
00000000000000000001001011110110
00000000000000000000111011101111
00000000000000000001000000001101
00000000000000000000110001111000
00000000000000000001010011101111
00000000000000000010000010000111
00000000000000000001000010010001
00000000000000000000011111000110
00000000000000000001110001010101
00000000000000000000000100010010
00000000000000000000011111011010
00000000000000000000100100101010
00000000000000000001000111010110
00000000000000000010010010101000
00000000000000000000001111100101
00000000000000000001110100000001
00000000000000000000101000111011
00000000000000000001110110001111
00000000000000000001111000111100
00000000000000000000011110111101
00000000000000000000100100110101
00000000000000000001101111010010
00000000000000000010010001100010
00000000000000000001110010010010
00000000000000000010011011011001
00000000000000000001000111010001
00000000000000000001100111010011
00000000000000000001011011000011
00000000000000000000111110111011
00000000000000000010100110010111
00000000000000000001010100000001
00000000000000000001001011101001
00000000000000000010111110001001
00000000000000000010010100010110
00000000000000000010000100110111
00000000000000000000110111110011
00000000000000000000110111111011
00000000000000000000011100000010
00000000000000000001011100010111
00000000000000000000110011110101
00000000000000000000011110110011
00000000000000000001011100010000
00000000000000000001100001011111
00000000000000000000101100110011
00000000000000000001010001110111
00000000000000000001001101110110
00000000000000000000000100001011
00000000000000000001011011001100
00000000000000000010011101110110
00000000000000000001110010011100
00000000000000000001111001100010
00000000000000000000110000001110
00000000000000000001100101010100
00000000000000000001100011101011
00000000000000000001000101100000
00000000000000000000110010011100
00000000000000000010011000100100
00000000000000000001110101011010
00000000000000000000001110100011
00000000000000000001111110000011
00000000000000000001111011000100
00000000000000000001001101100001
00000000000000000000011001010101
00000000000000000000011011001111
00000000000000000000011011001111
00000000000000000010110000100010
00000000000000000000101110001001
00000000000000000000101100110111
00000000000000000000001010100101
00000000000000000010110011010100
00000000000000000001011111000110
00000000000000000010001000110110
00000000000000000001111000101011
00000000000000000000010110110101
00000000000000000001101001010011
00000000000000000010110110010000
00000000000000000010011000100011
00000000000000000010000101111010
00000000000000000000000101110101
00000000000000000001011010110100
00000000000000000001010101010110
00000000000000000000001011101010
00000000000000000001011111001101
00000000000000000000011010000001
00000000000000000001010010101001
00000000000000000000111100000110
00000000000000000001100111100110
00000000000000000001010000111110
00000000000000000000111100111001
00000000000000000001101110100011
00000000000000000010001100001010
00000000000000000010011110100011
00000000000000000001010101101001
00000000000000000001110111110011
00000000000000000010101101001011
00000000000000000000111101111110
00000000000000000001010010100011
00000000000000000001011111011010
00000000000000000001000010001000
00000000000000000000110000001100
00000000000000000001001110000110
00000000000000000000010100100010
00000000000000000000111000110100
00000000000000000010111001010000
00000000000000000010000011001101
00000000000000000001110100100111
00000000000000000001000110110100
00000000000000000001010001100011
00000000000000000001100101101111
00000000000000000000000000110001
00000000000000000001111010101001
00000000000000000000000001001110
00000000000000000010001001100111
00000000000000000000011111000000
00000000000000000010000000101001
00000000000000000000111010110001
00000000000000000000010000000000
00000000000000000010000101010001
00000000000000000000010011101011
00000000000000000010010010110001
00000000000000000001101001100111
00000000000000000000011000100000
00000000000000000001010001000011
00000000000000000010100110001010
00000000000000000010010000011101
00000000000000000000110010001111
00000000000000000010110100000001
00000000000000000010010010000100
00000000000000000010001001110100
00000000000000000001111000100100
00000000000000000010000010110011
00000000000000000001110111100111
00000000000000000000011101111010
00000000000000000000101001010100
00000000000000000001000010010011
00000000000000000000011001100110
00000000000000000000100100110010
00000000000000000010001000001000
00000000000000000000000100101100
00000000000000000010000001110001
00000000000000000000110000010001
00000000000000000010001001111100
00000000000000000001011011100000
00000000000000000000001101011010
00000000000000000001000101111101
00000000000000000000101000000111
00000000000000000010100110111000
00000000000000000000100110100011
00000000000000000010001101101001
00000000000000000001111011100010
00000000000000000000100100100110
00000000000000000001110110001111
00000000000000000000000111100011
00000000000000000000000001000000
00000000000000000000000100000001
00000000000000000010110011101011
00000000000000000001100111011000
00000000000000000000101100110110
00000000000000000010111101010001
00000000000000000001010110110010
00000000000000000010011100001100
00000000000000000010001111110111
00000000000000000001001000010110
00000000000000000001110011100000
00000000000000000001000001000111
00000000000000000010100000100100
00000000000000000010110110001010
00000000000000000010010111000011
00000000000000000001010001111111
00000000000000000010011100101110
00000000000000000001001011001110
00000000000000000010111111001010
00000000000000000001101000010110
00000000000000000000001010111000
00000000000000000010011110101011
00000000000000000000101010110100
00000000000000000000101000010110
00000000000000000010111000010001
00000000000000000000110001011001
00000000000000000000110101010101
00000000000000000010101011100101
00000000000000000001101011100101
00000000000000000010110010110000
00000000000000000000000111111111
00000000000000000000111010001110
00000000000000000000111001000001
00000000000000000010110110100110
00000000000000000010011110100011
00000000000000000001011000001001
00000000000000000010111101111000
00000000000000000010100100110110
00000000000000000010110100011000
00000000000000000010001010010000
00000000000000000000000101111101
00000000000000000000001111010011
00000000000000000001011011010111
00000000000000000010110101000110
00000000000000000001110111100111
00000000000000000000001110110111
00000000000000000010000011100001
00000000000000000010001110001000
00000000000000000010101010010100
00000000000000000001111110111110
00000000000000000000101110010010
00000000000000000000000001110011
00000000000000000010101000001111
00000000000000000010000101101111
00000000000000000010001111011101
00000000000000000010111111001000
00000000000000000010101101000101
00000000000000000001000111010011
00000000000000000010111111001000
00000000000000000000000100010011
00000000000000000001001111110010
00000000000000000000010100010000
00000000000000000010001111011100
00000000000000000000010000001000
00000000000000000010111010111000
00000000000000000001010011000000
00000000000000000000000110100011
00000000000000000001110010001111
00000000000000000010101010011111
00000000000000000010101110011101
00000000000000000001000101010011
00000000000000000000111010100110
00000000000000000001000110101001
00000000000000000010101101101111
00000000000000000000111110101100
00000000000000000001001111001110
00000000000000000001100111111010
00000000000000000010100101111000
00000000000000000000100000001101
00000000000000000010100110111000
00000000000000000001101100010010
00000000000000000001111000011010
00000000000000000001101101001001
00000000000000000001100100010001
00000000000000000000000011001100
00000000000000000001110001110111
00000000000000000010100100100001
00000000000000000001110000110011
00000000000000000000011001100010
00000000000000000001011100000011
00000000000000000000100010100000
00000000000000000010110100110000
00000000000000000001100000101101
00000000000000000000100001000111
00000000000000000001011100000111
00000000000000000001110101111000
00000000000000000000001111011111
00000000000000000001000011110011
00000000000000000000111001100101
00000000000000000000100001001001
00000000000000000010001000110001
00000000000000000000111111010000
00000000000000000001101010111110
00000000000000000001011000110001
00000000000000000001101011100001
00000000000000000010010100000101
00000000000000000010101010111110
00000000000000000010010010100100
00000000000000000000000100010001
00000000000000000001010010011110
00000000000000000000110111111110
00000000000000000001111100010110
00000000000000000001100100000111
00000000000000000010010101000011
00000000000000000001001001110111
00000000000000000000001110010111
00000000000000000000001100110000
00000000000000000010100000100000
00000000000000000010101010100100
00000000000000000000011010100101
00000000000000000001001101111100
00000000000000000001100011010010
00000000000000000000001010101000
00000000000000000010110011110000
00000000000000000010000000011010
00000000000000000010110100100101
00000000000000000010001100110100
00000000000000000010001100101011
00000000000000000010011101010100
00000000000000000001110000100101
00000000000000000000101100011101
00000000000000000010001000011011
00000000000000000001111110111010
00000000000000000001000001000111
00000000000000000001101011100001
00000000000000000010010011010110
00000000000000000010110100100101
00000000000000000010011001011111
00000000000000000010100110011001
00000000000000000001110000011000
00000000000000000000100100110011
00000000000000000000000111000000
00000000000000000000110111011011
00000000000000000000110000010111
00000000000000000001010010111011
00000000000000000000110100100001
00000000000000000001100001010001
00000000000000000010110100101101
00000000000000000001111100001111
00000000000000000001000101111100
00000000000000000010011101000111
00000000000000000001000100011100
00000000000000000000010010111100
00000000000000000010010101011000
00000000000000000001100111111011
00000000000000000000110101001011
00000000000000000001011010010001
00000000000000000001111000011100
00000000000000000000000100101011
00000000000000000001010011110100
00000000000000000000110100011000
00000000000000000010001111110111
00000000000000000001010010111000
00000000000000000010100100101100
00000000000000000010100000010001
00000000000000000000011011101000
00000000000000000001101101100110
00000000000000000000011110000001
00000000000000000010100101101111
00000000000000000010010010101000
00000000000000000010100110100001
00000000000000000010101011000100
00000000000000000000000001100101
00000000000000000001010010101011
00000000000000000001110011100011
00000000000000000001011100011100
00000000000000000010011010011111
00000000000000000000000110100001
00000000000000000001011010000000
00000000000000000001011110001011
00000000000000000000011000011010
00000000000000000001000000010010
00000000000000000001101001011010
00000000000000000010010111010000
00000000000000000001011111110001
00000000000000000001111101000011
00000000000000000001010001110001
00000000000000000000010111010111
00000000000000000001001000100101
00000000000000000001001010010000
00000000000000000010110011011111
00000000000000000000001011110011
00000000000000000010001010111010
00000000000000000001000000011110
00000000000000000001010100000101
00000000000000000001001001110011
00000000000000000000011100101101
00000000000000000010110101001111
00000000000000000001010110010111
00000000000000000000010001110001
00000000000000000010111001111010
00000000000000000000110110101111
00000000000000000001010110100110
00000000000000000001001111001001
00000000000000000000100001100000
00000000000000000000100100101111
00000000000000000001100011010110
00000000000000000010101101110110
00000000000000000000011010010001
00000000000000000000101010110110
00000000000000000001010001001111
00000000000000000001011001011000
00000000000000000010010011011111
00000000000000000010101010111111
00000000000000000010011111100000
00000000000000000000000010010001
00000000000000000010000111011010
00000000000000000010111001110111
00000000000000000000010000110001
00000000000000000000011100000011
00000000000000000000000010010010
00000000000000000010000111011000
00000000000000000000101101001100
00000000000000000001101001011011
00000000000000000000011111101101
00000000000000000001011110001000
00000000000000000010111001011011
00000000000000000001110010111011
00000000000000000001010101111111
00000000000000000000010110100001
00000000000000000001111100010001
00000000000000000001011101111100
00000000000000000000101010100110
00000000000000000001100110110111
00000000000000000001111000110011
00000000000000000000101111000111
00000000000000000001110011111100
00000000000000000000011101101110
00000000000000000010111010010011
00000000000000000010101000010101
00000000000000000010011111011110
00000000000000000010110110001000
00000000000000000000110010111001
00000000000000000000000001110001
00000000000000000010100001110101
00000000000000000000000100001100
00000000000000000010000111110111
00000000000000000010000011111101
00000000000000000000010011110100
00000000000000000010111010101001
00000000000000000001111111010000
00000000000000000010101111110110
00000000000000000010011110001011
00000000000000000001110111001100
00000000000000000001001111011010
00000000000000000010000001001000
00000000000000000000001111100010
00000000000000000000000001100100
00000000000000000001110000100001
00000000000000000001100000001110
00000000000000000000011100100001
00000000000000000001100011101110
00000000000000000000101011001110
00000000000000000010011001000101
00000000000000000000001111111101
00000000000000000001110010011000
00000000000000000000110110000100
00000000000000000001011011011001
00000000000000000001001010011100
00000000000000000001000110010000
00000000000000000000011000110110
00000000000000000010101000100001
00000000000000000001111100011011
00000000000000000010001111000100
00000000000000000000111011101111
00000000000000000010000011111000
00000000000000000001110100000111
00000000000000000010111011010001
00000000000000000000011100010101
00000000000000000010000001100110
00000000000000000000000101001101
00000000000000000000101100000011
00000000000000000000010100100011
00000000000000000001010000000101
00000000000000000010011111101011
00000000000000000000101111010101
00000000000000000000001111111101
00000000000000000000010001010011
00000000000000000000111110110111
00000000000000000010011100100011
00000000000000000010111110111111
00000000000000000001100010100110
00000000000000000010111100010110
00000000000000000001111000000000
00000000000000000010101011110111
00000000000000000001111000110110
00000000000000000000000001110010
00000000000000000000101000011011
00000000000000000000001010101000
00000000000000000000101110111000
00000000000000000001001000011000
00000000000000000010000110100000
00000000000000000010001010011011
00000000000000000000100101111101
00000000000000000010101111100000
00000000000000000000101000111110
00000000000000000001100111110001
00000000000000000001000110101000
00000000000000000010010100110010
00000000000000000001000101011010
00000000000000000001110010010000
00000000000000000000110000010001
00000000000000000001110110001000
00000000000000000010100101111110
00000000000000000001100010001000
00000000000000000001010101011000
00000000000000000001000001010100
00000000000000000001111100100110
00000000000000000000100100111101
00000000000000000000100101101110
00000000000000000000001101101000
00000000000000000000001010010000
00000000000000000010001011111100
00000000000000000001100111100110
00000000000000000010000001011111
00000000000000000010100100011111
00000000000000000010101100100111
00000000000000000001001010010000
00000000000000000010000000110100
00000000000000000010011010011110
00000000000000000001000100111001
00000000000000000000100101100100
00000000000000000010111011111000
00000000000000000000011101100100
00000000000000000010001000011100
00000000000000000000101101010001
00000000000000000001001011101001
00000000000000000001001101010110
00000000000000000010111111001100
00000000000000000001101101000000
00000000000000000000101110100111
00000000000000000000011111010110
00000000000000000010101100111001
00000000000000000010001101000101
00000000000000000000111111100011
00000000000000000000111010000111
00000000000000000000000011110010
00000000000000000001010001001010
00000000000000000001110111000011
00000000000000000000100000100000
00000000000000000010001011000010
00000000000000000000101100000101
00000000000000000001100011011011
00000000000000000001011001000001
00000000000000000000111011000001
00000000000000000010010011001000
00000000000000000000001000010110
00000000000000000010011001000001
00000000000000000010001101011011
00000000000000000001100101010000
00000000000000000001110010011100
00000000000000000010110101100100
00000000000000000001110011110011
00000000000000000010101110111110
00000000000000000000010100010010
00000000000000000000001111110011
00000000000000000010101000001111
00000000000000000010011100101010
00000000000000000001001010010100
00000000000000000000101111010100
00000000000000000001001001111101
00000000000000000000111010101011
00000000000000000000000000000000
00000000000000000000000000000000
00000000000000000000000000000000
00000000000000000000000000000000
00000000000000000000000000000000
00000000000000000000000000000000
00000000000000000000000000000000
