00000000000000000011000000000001
00000000000000000000000000000000
00000000000000000000000000000000
00000000000000000000000000000000
00000000000000000000000000000000
00000000000000000000000000000000
00000000000000000000000000000000
00000000000000000000000000000000
11110111000000000010111111111111
00000000000000000000000000000000
00000000000000000000000000000000
00000000000000000000000000000000
00000000000000000000000000000000
00000000000000000000000000000000
00000000000000000000000000000000
00000000000000000000000000000000
00000000000000000001111001000011
00000000000000000000000000000000
00000000000000000000000000000000
00000000000000000000000000000000
00000000000000000000000000000000
00000000000000000000000000000000
00000000000000000000000000000000
00000000000000000000000000000000
00000000000000000001111001000011
00000000000000000000000000000000
00000000000000000000000000000000
00000000000000000000000000000000
00000000000000000000000000000000
00000000000000000000000000000000
00000000000000000000000000000000
00000000000000000000000000000000
00000000000000000000101110000110
00000000000000000000000000000000
00000000000000000000000000000000
00000000000000000000000000000000
00000000000000000000000000000000
00000000000000000000000000000000
00000000000000000000000000000000
00000000000000000000000000000000
00000000000000000000101110000110
00000000000000000000000000000000
00000000000000000000000000000000
00000000000000000000000000000000
00000000000000000000000000000000
00000000000000000000000000000000
00000000000000000000000000000000
00000000000000000000000000000000
00000000000000000000110110010110
00000000000000000010000001110001
00000000000000000010010001001110
00000000000000000010010010110010
00000000000000000001101000000110
00000000000000000001011101100001
00000000000000000000110000111100
00000000000000000001010110111000
00000000000000000010000111010001
00000000000000000000111000111100
00000000000000000010000100011111
00000000000000000010101100110110
00000000000000000000000101100110
00000000000000000010100010011011
00000000000000000010011001100100
00000000000000000010111011001100
00000000000000000001101001000011
00000000000000000000000101101101
00000000000000000001100000111110
00000000000000000010000000110100
00000000000000000010001110011100
00000000000000000010001001011111
00000000000000000000011110010010
00000000000000000001100101110101
00000000000000000000110110100011
00000000000000000010000110001110
00000000000000000001000111011101
00000000000000000000101110111011
00000000000000000010001011011000
00000000000000000001011111110001
00000000000000000000010001101011
00000000000000000000111100111010
00000000000000000001011110001000
00000000000000000001000111100111
00000000000000000000010011000110
00000000000000000000101101111000
00000000000000000010000010000100
00000000000000000010111111101010
00000000000000000001000010100100
00000000000000000000110011011110
00000000000000000001100010110100
00000000000000000001100000011101
00000000000000000000010011101101
00000000000000000010110000101111
00000000000000000000011111000001
00000000000000000001010100111100
00000000000000000010100101100101
00000000000000000000111111010100
00000000000000000001101010001001
00000000000000000010000101010000
00000000000000000010100100100000
00000000000000000010001111100001
00000000000000000001110111101101
00000000000000000001101111111000
00000000000000000010110110101110
00000000000000000010100100001000
00000000000000000010000100000100
00000000000000000001010011111010
00000000000000000001001001100110
00000000000000000010111101001110
00000000000000000001001101101010
00000000000000000010101011010111
00000000000000000001100011111110
00000000000000000001001110010110
00000000000000000001010001011000
00000000000000000001010110101110
00000000000000000001000111000101
00000000000000000000110000110110
00000000000000000010101011010101
00000000000000000001101111011000
00000000000000000001110011110100
00000000000000000001000001001011
00000000000000000001101011101100
00000000000000000010001001100110
00000000000000000010111110011101
00000000000000000010100110110000
00000000000000000010001010011100
00000000000000000010110001010101
00000000000000000010101000101000
00000000000000000000011111010011
00000000000000000001111010000010
00000000000000000010111011000100
00000000000000000010000111111001
00000000000000000010101110100010
00000000000000000001001000010001
00000000000000000010010001101011
00000000000000000000100110110011
00000000000000000001001000011100
00000000000000000000100000111111
00000000000000000010001100100101
00000000000000000000111001011010
00000000000000000000001110011010
00000000000000000001101100110101
00000000000000000000101011001000
00000000000000000010101110000010
00000000000000000001000110011010
00000000000000000000100011111110
00000000000000000010010001011000
00000000000000000000111100101000
00000000000000000001011011101011
00000000000000000000110001011110
00000000000000000001101000010010
00000000000000000001101001001111
00000000000000000001010110010010
00000000000000000001001111111110
00000000000000000010001011101101
00000000000000000001110010101101
00000000000000000010101111110010
00000000000000000010100001001111
00000000000000000001001000000101
00000000000000000010000010110101
00000000000000000010110000011110
00000000000000000001111110010011
00000000000000000001111001010000
00000000000000000001010111001111
00000000000000000001001010100100
00000000000000000010011011111110
00000000000000000000011010100010
00000000000000000001100111101010
00000000000000000010111111100101
00000000000000000010000100000011
00000000000000000000011100010100
00000000000000000000110101111011
00000000000000000000001001101101
00000000000000000001000111101000
00000000000000000010000110001111
00000000000000000000010100110011
00000000000000000000010000111011
00000000000000000001011001111111
00000000000000000000010101011101
00000000000000000000001011011010
00000000000000000001111100111110
00000000000000000000101101111110
00000000000000000010101000110101
00000000000000000001010101001000
00000000000000000000001110111001
00000000000000000010100110110111
00000000000000000000010011101000
00000000000000000001101110000110
00000000000000000000000111101100
00000000000000000001100010101100
00000000000000000001011100010101
00000000000000000010010110110110
00000000000000000010110111110100
00000000000000000001101101110001
00000000000000000001110110111011
00000000000000000000101101001001
00000000000000000000111010100111
00000000000000000001100000011100
00000000000000000001100011110111
00000000000000000010100101110011
00000000000000000001111100000101
00000000000000000001110110001011
00000000000000000010101101000111
00000000000000000001000111101100
00000000000000000010100111000010
00000000000000000000111100011001
00000000000000000000101111011001
00000000000000000001100110110000
00000000000000000001000011100010
00000000000000000000100000110011
00000000000000000000100111110101
00000000000000000000111111001001
00000000000000000000011101110000
00000000000000000010100100010111
00000000000000000001101101100100
00000000000000000010011111010100
00000000000000000001111000110100
00000000000000000010011001100011
00000000000000000010101000101000
00000000000000000001001011010000
00000000000000000010011000101011
00000000000000000000001001001110
00000000000000000001110010001000
00000000000000000001111101011111
00000000000000000001010110010001
00000000000000000010001101001000
00000000000000000000011001010100
00000000000000000001000000000101
00000000000000000001000011001111
00000000000000000001010101111011
00000000000000000001110111000100
00000000000000000000000000000000
00000000000000000010100111110000
00000000000000000010000111000010
00000000000000000000110101100110
00000000000000000001111110110110
00000000000000000001111111100110
00000000000000000001001100001101
00000000000000000000000001011111
00000000000000000001010010111000
00000000000000000001111100011100
00000000000000000001001111000111
00000000000000000001000111101000
00000000000000000010010100001111
00000000000000000010000010011100
00000000000000000000011011000110
00000000000000000000101101111011
00000000000000000001101100101110
00000000000000000010011100011101
00000000000000000000110100111111
00000000000000000000101000000010
00000000000000000001010111101001
00000000000000000001000101101011
00000000000000000000011111001101
00000000000000000010011000001111
00000000000000000001010101000011
00000000000000000010100101101100
00000000000000000010001000010010
00000000000000000010000010110000
00000000000000000001011111111011
00000000000000000000011100100001
00000000000000000000000001101100
00000000000000000001010101010101
00000000000000000000100111011000
00000000000000000000001100011100
00000000000000000010001011011110
00000000000000000010110010011001
00000000000000000010010100000100
00000000000000000001010110100101
00000000000000000010111001011010
00000000000000000010101001010111
00000000000000000001011001011100
00000000000000000000011011010010
00000000000000000000110100010000
00000000000000000001111010101100
00000000000000000010001000111010
00000000000000000001000011111111
00000000000000000000111111100100
00000000000000000010110111100101
00000000000000000001011010011111
00000000000000000001111110100111
00000000000000000001111100000011
00000000000000000001111100010100
00000000000000000010111101011110
00000000000000000010011111011110
00000000000000000001100010101111
00000000000000000000010011100101
00000000000000000001110000111110
00000000000000000000000001110101
00000000000000000010000000100110
00000000000000000001001101011101
00000000000000000001011001110110
00000000000000000000001001000111
00000000000000000000110000110111
00000000000000000001001111100100
00000000000000000000100011100000
00000000000000000001100100100001
00000000000000000001101011100110
00000000000000000000100010101101
00000000000000000001000100000000
00000000000000000000000001000010
00000000000000000000011110110101
00000000000000000010000011100011
00000000000000000000101111110010
00000000000000000010100111101011
00000000000000000000001101000000
00000000000000000001111110001001
00000000000000000010110010111101
00000000000000000001101001101110
00000000000000000001100010100010
00000000000000000010100100001011
00000000000000000010010000000011
00000000000000000001001100101111
00000000000000000000000101000000
00000000000000000001000100000000
00000000000000000010001110100110
00000000000000000010010111100011
00000000000000000000110011000011
00000000000000000010100111001101
00000000000000000001110001000110
00000000000000000001000010010101
00000000000000000010111000111000
00000000000000000001001001101110
00000000000000000001000001101111
00000000000000000010101101101101
00000000000000000000100010001100
00000000000000000001010001000000
00000000000000000000011010000000
00000000000000000000000110011101
00000000000000000000110100000011
00000000000000000010010011111001
00000000000000000001100111011100
00000000000000000000110000101100
00000000000000000001010111001110
00000000000000000000110000010111
00000000000000000010011100000011
00000000000000000010010000000001
00000000000000000000001010100001
00000000000000000010100010011001
00000000000000000001110011010111
00000000000000000010110001000111
00000000000000000001101110010001
00000000000000000000000101010111
00000000000000000000100000110100
00000000000000000010100010010011
00000000000000000010110110001001
00000000000000000000110001111101
00000000000000000001100011110000
00000000000000000000100011010000
00000000000000000001110000011011
00000000000000000010001100000110
00000000000000000001100011000111
00000000000000000010011000110110
00000000000000000010100101000010
00000000000000000000111100101011
00000000000000000010011100000110
00000000000000000001011111111111
00000000000000000001100110110011
00000000000000000010100111110101
00000000000000000010001100001101
00000000000000000000010011010111
00000000000000000001011110100010
00000000000000000000000001001100
00000000000000000010010101100100
00000000000000000001100011001010
00000000000000000010101001001001
00000000000000000001101001100011
00000000000000000000110000001010
00000000000000000001101101000111
00000000000000000001000111110111
00000000000000000010111100011011
00000000000000000000001000000101
00000000000000000000011000111100
00000000000000000010110001110110
00000000000000000000100011011101
00000000000000000001110100000010
00000000000000000000010001101010
00000000000000000001100010101000
00000000000000000000110111101011
00000000000000000000001110010010
00000000000000000000010110000010
00000000000000000010011100100011
00000000000000000010111110010011
00000000000000000000110101110011
00000000000000000010110110010110
00000000000000000010111011100101
00000000000000000000010011101000
00000000000000000000011100010100
00000000000000000001001101000000
00000000000000000000000100101011
00000000000000000001100100110001
00000000000000000010100011000011
00000000000000000000000011110110
00000000000000000001101000101111
00000000000000000001010111110010
00000000000000000001110000111101
00000000000000000001111101101110
00000000000000000000111101000100
00000000000000000000110110011101
00000000000000000010011100001111
00000000000000000010000011011001
00000000000000000001011001010100
00000000000000000010011000110011
00000000000000000010100101110100
00000000000000000010011110000001
00000000000000000001101110101111
00000000000000000000101010101000
00000000000000000010010111001001
00000000000000000010011110101100
00000000000000000001101111011011
00000000000000000000001111001100
00000000000000000000110010010110
00000000000000000001010001011001
00000000000000000001110111101100
00000000000000000010110101001000
00000000000000000001001101100101
00000000000000000010010001111101
00000000000000000000001000001110
00000000000000000010000111011000
00000000000000000010010101001010
00000000000000000000011000000000
00000000000000000000111001010101
00000000000000000010110000001111
00000000000000000010101001011101
00000000000000000010110011010010
00000000000000000010100111110110
00000000000000000000010101101111
00000000000000000001101011101000
00000000000000000010111100000001
00000000000000000001101110110111
00000000000000000001111110011000
00000000000000000010001011100011
00000000000000000001000001110010
00000000000000000001101110010010
00000000000000000000110100001001
00000000000000000010000001000011
00000000000000000010011110110001
00000000000000000010111100000001
00000000000000000001100100000011
00000000000000000000000110001011
00000000000000000000000110010000
00000000000000000001001001100000
00000000000000000000001111010000
00000000000000000001000011000111
00000000000000000000010001101010
00000000000000000000110001001010
00000000000000000010111101010110
00000000000000000001110100100001
00000000000000000010111111010111
00000000000000000010110111001111
00000000000000000000001001011110
00000000000000000001110010101100
00000000000000000001011010000000
00000000000000000000000010011000
00000000000000000000111110010111
00000000000000000001011100000010
00000000000000000000111100011000
00000000000000000010001011101110
00000000000000000001000001000111
00000000000000000010100001110010
00000000000000000010001001011010
00000000000000000010100011100011
00000000000000000000001111110001
00000000000000000000101011001010
00000000000000000001111000010110
00000000000000000001001011111000
00000000000000000000010111010110
00000000000000000000100001101100
00000000000000000001000100111111
00000000000000000001100000011110
00000000000000000001110000101111
00000000000000000010101000001000
00000000000000000010101010110011
00000000000000000001110010000100
00000000000000000000110110110000
00000000000000000001001110000000
00000000000000000010011111100011
00000000000000000010111110001100
00000000000000000001110110100001
00000000000000000001000101100100
00000000000000000000111110101010
00000000000000000010111000000010
00000000000000000000101101110111
00000000000000000000101100001101
00000000000000000000000000011001
00000000000000000000010010001100
00000000000000000001010001011101
00000000000000000010110100000010
00000000000000000001000110011101
00000000000000000010100110110110
00000000000000000001111010100111
00000000000000000001111100001100
00000000000000000001010011100110
00000000000000000000011010101110
00000000000000000000110010110101
00000000000000000000110000110000
00000000000000000000011111001011
00000000000000000000001000000101
00000000000000000000111100101011
00000000000000000010010011010001
00000000000000000001110011110110
00000000000000000000001100100011
00000000000000000001110111100111
00000000000000000010100100000101
00000000000000000001101010010101
00000000000000000001110000101110
00000000000000000010000001010011
00000000000000000000011101000000
00000000000000000001010101101000
00000000000000000000010100000010
00000000000000000010011000001000
00000000000000000000100010001001
00000000000000000000100100001011
00000000000000000000100010110010
00000000000000000010110101011011
00000000000000000010010000000101
00000000000000000010100101011110
00000000000000000001111000110010
00000000000000000001010010110011
00000000000000000001100111100110
00000000000000000000100101001100
00000000000000000000000001100011
00000000000000000001010010011110
00000000000000000000000111010110
00000000000000000001001000111100
00000000000000000000110010100001
00000000000000000000011100010111
00000000000000000010101001011000
00000000000000000010110100000010
00000000000000000000110101011101
00000000000000000001010111111111
00000000000000000010111010100011
00000000000000000010100111010100
00000000000000000001001001100101
00000000000000000001010101000111
00000000000000000000110010011101
00000000000000000010000010111110
00000000000000000000111011110010
00000000000000000001111001101111
00000000000000000000111000001101
00000000000000000010000010010010
00000000000000000010011100111000
00000000000000000000011001010001
00000000000000000000010010100111
00000000000000000000111001011110
00000000000000000001111001001000
00000000000000000001000001100101
00000000000000000000110000011100
00000000000000000010000000011000
00000000000000000001110100010011
00000000000000000001100101011000
00000000000000000000001111001101
00000000000000000010110001010011
00000000000000000010001010100001
00000000000000000010011000111101
00000000000000000000010011000011
00000000000000000001111101010100
00000000000000000010010110101110
00000000000000000010010101010010
00000000000000000010011000111010
00000000000000000000111111001101
00000000000000000001110101010110
00000000000000000000000000000000
00000000000000000000000000000000
00000000000000000000000000000000
00000000000000000000000000000000
00000000000000000000000000000000
00000000000000000000000000000000
00000000000000000000000000000000
