00000000000000000000101110101100
00000000000000000000000000000001
00000000000000000000101110101100
00000000000000000000000000000001
00000000000000000000101110101100
00000000000000000000000000000001
00000000000000000000101110101100
00000000000000000000000000000001
00000000000000000000000000001000
00000000000000000000100110011001
00000000000000000000000000000111
00000000000000000000101010001010
00000000000000000000000000000110
00000000000000000000101011111111
00000000000000000000000000000101
00000000000000000000110010101111
00000000000000000000110100000001
00000000000000000000000000000000
00000000000000000000000000000000
00000000000000000000000000000000
00000000000000000000000000000000
00000000000000000000000000000000
00000000000000000000000000000000
00000000000000000000000000000000
10010100010101110000110011111111
00000000000000000000000000000000
00000000000000000000000000000000
00000000000000000000000000000000
00000000000000000000000000000000
00000000000000000000000000000000
00000000000000000000000000000000
00000000000000000000000000000000
00000000000000000000000000000000
00000000000000000000000000000000
00000000000000000000000000000000
00000000000000000000000000000000
00000000000000000000000000000000
00000000000000000000000000000000
00000000000000000000000000000000
00000000000000000000000000000000
