00000000000000000000000100010011
00000010000000000000000110010011
00000100000000000000001000010011
00000110000000000000001010010011
00000000001000000100000000001011
10000000000000000000000001011011
00000000001000011100000000001011
10000000000100000000000001011011
00000000001000100100000000001011
10000000001100000000000001011011
00000000001000101100000000001011
10000000010000000000000001011011
00001000001000000100000010001011
00001010001000000100000010001011
00001100001000000100000010001011
00001110001000000100000010001011
00010000001000000100000010001011
00010010001000000100000010001011
00010100001000000100000010001011
00010110001000000100000010001011
00011000001000000100000010001011
00011010001000000100000010001011
00011100001000000100000010001011
00011110001000000100000010001011
00100000001000000100000010001011
00100010001000000100000010001011
00100100001000000100000010001011
00100110001000000100000010001011
00101000001000000100000010001011
00101010001000000100000010001011
00101100001000000100000010001011
00101110001000000100000010001011
00110000001000000100000010001011
00110010001000000100000010001011
00110100001000000100000010001011
00110110001000000100000010001011
00111000001000000100000010001011
00111010001000000100000010001011
00111100001000000100000010001011
00111110001000000100000010001011
01000000001000000100000010001011
01000010001000000100000010001011
01000100001000000100000010001011
01000110001000000100000000001011
11000100000000000000000001011011
00000001000000000000000001010011
00010011000000000000000001010011
00100101000000000000000001010011
00110111000000000000000001010011
01001001000000000000000001010011
01011011000000000000000001010011
01101101000000000000000001010011
01111111000000000000000001010011
00000001000100001000000001010011
00010011000100001000000001010011
00100101000100001000000001010011
00110111000100001000000001010011
01001001000100001000000001010011
01011011000100001000000001010011
01101101000100001000000001010011
01111111000100001000000001010011
00000001001000010000000001010011
00010011001000010000000001010011
00100101001000010000000001010011
00110111001000010000000001010011
01001001001000010000000001010011
01011011001000010000000001010011
01101101001000010000000001010011
01111111001000010000000001010011
00000001001100011000000001010011
00010011001100011000000001010011
00100101001100011000000001010011
00110111001100011000000001010011
01001001001100011000000001010011
01011011001100011000000001010011
01101101001100011000000001010011
01111111001100011000000001010011
00000001010000100000000001010011
00010011010000100000000001010011
00100101010000100000000001010011
00110111010000100000000001010011
01001001010000100000000001010011
01011011010000100000000001010011
01101101010000100000000001010011
01111111010000100000000001010011
00000001010100101000000001010011
00010011010100101000000001010011
00100101010100101000000001010011
00110111010100101000000001010011
01001001010100101000000001010011
01011011010100101000000001010011
01101101010100101000000001010011
01111111010100101000000001010011
00000001011000110000000001010011
00010011011000110000000001010011
00100101011000110000000001010011
00110111011000110000000001010011
01001001011000110000000001010011
01011011011000110000000001010011
01101101011000110000000001010011
01111111011000110000000001010011
00000001011100111000000001010011
00010011011100111000000001010011
00100101011100111000000001010011
00110111011100111000000001010011
01001001011100111000000001010011
01011011011100111000000001010011
01101101011100111000000001010011
01111111011100111000000001010011
00000001100001000000000001010011
00010011100001000000000001010011
00100101100001000000000001010011
00110111100001000000000001010011
01001001100001000000000001010011
01011011100001000000000001010011
01101101100001000000000001010011
01111111100001000000000001010011
00000001100101001000000001010011
00010011100101001000000001010011
00100101100101001000000001010011
00110111100101001000000001010011
01001001100101001000000001010011
01011011100101001000000001010011
01101101100101001000000001010011
01111111100101001000000001010011
00000001101001010000000001010011
00010011101001010000000001010011
00100101101001010000000001010011
00110111101001010000000001010011
01001001101001010000000001010011
01011011101001010000000001010011
01101101101001010000000001010011
01111111101001010000000001010011
00000001101101011000000001010011
00010011101101011000000001010011
00100101101101011000000001010011
00110111101101011000000001010011
01001001101101011000000001010011
01011011101101011000000001010011
01101101101101011000000001010011
01111111101101011000000001010011
00000001110001100000000001010011
00010011110001100000000001010011
00100101110001100000000001010011
00110111110001100000000001010011
01001001110001100000000001010011
01011011110001100000000001010011
01101101110001100000000001010011
01111111110001100000000001010011
00000001110101101000000001010011
00010011110101101000000001010011
00100101110101101000000001010011
00110111110101101000000001010011
01001001110101101000000001010011
01011011110101101000000001010011
01101101110101101000000001010011
01111111110101101000000001010011
00000001111001110000000001010011
00010011111001110000000001010011
00100101111001110000000001010011
00110111111001110000000001010011
01001001111001110000000001010011
01011011111001110000000001010011
01101101111001110000000001010011
01111111111001110000000001010011
00000001111101111000000001010011
00010011111101111000000001010011
00100101111101111000000001010011
00110111111101111000000001010011
01001001111101111000000001010011
01011011111101111000000001010011
01101101111101111000000001010011
01111111111101111000000001010011
11011000000000000000000001011011
11000100000000000000000001011011
00000000100000000000000001010011
00010010100000000000000001010011
00100100100000000000000001010011
00110110100000000000000001010011
01001000100000000000000001010011
01011010100000000000000001010011
01101100100000000000000001010011
01111110100000000000000001010011
00000000100100001000000001010011
00010010100100001000000001010011
00100100100100001000000001010011
00110110100100001000000001010011
01001000100100001000000001010011
01011010100100001000000001010011
01101100100100001000000001010011
01111110100100001000000001010011
00000000101000010000000001010011
00010010101000010000000001010011
00100100101000010000000001010011
00110110101000010000000001010011
01001000101000010000000001010011
01011010101000010000000001010011
01101100101000010000000001010011
01111110101000010000000001010011
00000000101100011000000001010011
00010010101100011000000001010011
00100100101100011000000001010011
00110110101100011000000001010011
01001000101100011000000001010011
01011010101100011000000001010011
01101100101100011000000001010011
01111110101100011000000001010011
00000000110000100000000001010011
00010010110000100000000001010011
00100100110000100000000001010011
00110110110000100000000001010011
01001000110000100000000001010011
01011010110000100000000001010011
01101100110000100000000001010011
01111110110000100000000001010011
00000000110100101000000001010011
00010010110100101000000001010011
00100100110100101000000001010011
00110110110100101000000001010011
01001000110100101000000001010011
01011010110100101000000001010011
01101100110100101000000001010011
01111110110100101000000001010011
00000000111000110000000001010011
00010010111000110000000001010011
00100100111000110000000001010011
00110110111000110000000001010011
01001000111000110000000001010011
01011010111000110000000001010011
01101100111000110000000001010011
01111110111000110000000001010011
00000000111100111000000001010011
00010010111100111000000001010011
00100100111100111000000001010011
00110110111100111000000001010011
01001000111100111000000001010011
01011010111100111000000001010011
01101100111100111000000001010011
01111110111100111100000001010011
00000001100010000000000001010011
00010011100010000000000001010011
00100101100010000000000001010011
00110111100010000000000001010011
01001001100010000000000001010011
01011011100010000000000001010011
01101101100010000000000001010011
01111111100010000000000001010011
00000001100110001000000001010011
00010011100110001000000001010011
00100101100110001000000001010011
00110111100110001000000001010011
01001001100110001000000001010011
01011011100110001000000001010011
01101101100110001000000001010011
01111111100110001000000001010011
00000001101010010000000001010011
00010011101010010000000001010011
00100101101010010000000001010011
00110111101010010000000001010011
01001001101010010000000001010011
01011011101010010000000001010011
01101101101010010000000001010011
01111111101010010000000001010011
00000001101110011000000001010011
00010011101110011000000001010011
00100101101110011000000001010011
00110111101110011000000001010011
01001001101110011000000001010011
01011011101110011000000001010011
01101101101110011000000001010011
01111111101110011000000001010011
00000001110010100000000001010011
00010011110010100000000001010011
00100101110010100000000001010011
00110111110010100000000001010011
01001001110010100000000001010011
01011011110010100000000001010011
01101101110010100000000001010011
01111111110010100000000001010011
00000001110110101000000001010011
00010011110110101000000001010011
00100101110110101000000001010011
00110111110110101000000001010011
01001001110110101000000001010011
01011011110110101000000001010011
01101101110110101000000001010011
01111111110110101000000001010011
00000001111010110000000001010011
00010011111010110000000001010011
00100101111010110000000001010011
00110111111010110000000001010011
01001001111010110000000001010011
01011011111010110000000001010011
01101101111010110000000001010011
01111111111010110000000001010011
00000001111110111000000001010011
00010011111110111000000001010011
00100101111110111000000001010011
00110111111110111000000001010011
01001001111110111000000001010011
01011011111110111000000001010011
01101101111110111000000001010011
01111111111110111000000001010011
11011000000000000000000001011011
11000100000000000000000001011011
00000000010000000000000001010011
00010010010000000000000001010011
00100100010000000000000001010011
00110110010000000000000001010011
01001000010000000000000001010011
01011010010000000000000001010011
01101100010000000000000001010011
01111110010000000000000001010011
00000000010100001000000001010011
00010010010100001000000001010011
00100100010100001000000001010011
00110110010100001000000001010011
01001000010100001000000001010011
01011010010100001000000001010011
01101100010100001000000001010011
01111110010100001000000001010011
00000000011000010000000001010011
00010010011000010000000001010011
00100100011000010000000001010011
00110110011000010000000001010011
01001000011000010000000001010011
01011010011000010000000001010011
01101100011000010000000001010011
01111110011000010000000001010011
00000000011100011000000001010011
00010010011100011000000001010011
00100100011100011000000001010011
00110110011100011000000001010011
01001000011100011000000001010011
01011010011100011000000001010011
01101100011100011000000001010011
01111110011100011100000001010011
00000001010010000000000001010011
00010011010010000000000001010011
00100101010010000000000001010011
00110111010010000000000001010011
01001001010010000000000001010011
01011011010010000000000001010011
01101101010010000000000001010011
01111111010010000000000001010011
00000001010110001000000001010011
00010011010110001000000001010011
00100101010110001000000001010011
00110111010110001000000001010011
01001001010110001000000001010011
01011011010110001000000001010011
01101101010110001000000001010011
01111111010110001000000001010011
00000001011010010000000001010011
00010011011010010000000001010011
00100101011010010000000001010011
00110111011010010000000001010011
01001001011010010000000001010011
01011011011010010000000001010011
01101101011010010000000001010011
01111111011010010000000001010011
00000001011110011000000001010011
00010011011110011000000001010011
00100101011110011000000001010011
00110111011110011000000001010011
01001001011110011000000001010011
01011011011110011000000001010011
01101101011110011000000001010011
01111111011110011100000001010011
00000000110001000000000001010011
00010010110001000000000001010011
00100100110001000000000001010011
00110110110001000000000001010011
01001000110001000000000001010011
01011010110001000000000001010011
01101100110001000000000001010011
01111110110001000000000001010011
00000000110101001000000001010011
00010010110101001000000001010011
00100100110101001000000001010011
00110110110101001000000001010011
01001000110101001000000001010011
01011010110101001000000001010011
01101100110101001000000001010011
01111110110101001000000001010011
00000000111001010000000001010011
00010010111001010000000001010011
00100100111001010000000001010011
00110110111001010000000001010011
01001000111001010000000001010011
01011010111001010000000001010011
01101100111001010000000001010011
01111110111001010000000001010011
00000000111101011000000001010011
00010010111101011000000001010011
00100100111101011000000001010011
00110110111101011000000001010011
01001000111101011000000001010011
01011010111101011000000001010011
01101100111101011000000001010011
01111110111101011100000001010011
00000001110011000000000001010011
00010011110011000000000001010011
00100101110011000000000001010011
00110111110011000000000001010011
01001001110011000000000001010011
01011011110011000000000001010011
01101101110011000000000001010011
01111111110011000000000001010011
00000001110111001000000001010011
00010011110111001000000001010011
00100101110111001000000001010011
00110111110111001000000001010011
01001001110111001000000001010011
01011011110111001000000001010011
01101101110111001000000001010011
01111111110111001000000001010011
00000001111011010000000001010011
00010011111011010000000001010011
00100101111011010000000001010011
00110111111011010000000001010011
01001001111011010000000001010011
01011011111011010000000001010011
01101101111011010000000001010011
01111111111011010000000001010011
00000001111111011000000001010011
00010011111111011000000001010011
00100101111111011000000001010011
00110111111111011000000001010011
01001001111111011000000001010011
01011011111111011000000001010011
01101101111111011000000001010011
01111111111111011000000001010011
11011000000000000000000001011011
11000100000000000000000001011011
00000000001000000000000001010011
00010010001000000000000001010011
00100100001000000000000001010011
00110110001000000000000001010011
01001000001000000000000001010011
01011010001000000000000001010011
01101100001000000000000001010011
01111110001000000000000001010011
00000000001100001000000001010011
00010010001100001000000001010011
00100100001100001000000001010011
00110110001100001000000001010011
01001000001100001000000001010011
01011010001100001000000001010011
01101100001100001000000001010011
01111110001100001100000001010011
00000001001010000000000001010011
00010011001010000000000001010011
00100101001010000000000001010011
00110111001010000000000001010011
01001001001010000000000001010011
01011011001010000000000001010011
01101101001010000000000001010011
01111111001010000000000001010011
00000001001110001000000001010011
00010011001110001000000001010011
00100101001110001000000001010011
00110111001110001000000001010011
01001001001110001000000001010011
01011011001110001000000001010011
01101101001110001000000001010011
01111111001110001100000001010011
00000000101001000000000001010011
00010010101001000000000001010011
00100100101001000000000001010011
00110110101001000000000001010011
01001000101001000000000001010011
01011010101001000000000001010011
01101100101001000000000001010011
01111110101001000000000001010011
00000000101101001000000001010011
00010010101101001000000001010011
00100100101101001000000001010011
00110110101101001000000001010011
01001000101101001000000001010011
01011010101101001000000001010011
01101100101101001000000001010011
01111110101101001100000001010011
00000001101011000000000001010011
00010011101011000000000001010011
00100101101011000000000001010011
00110111101011000000000001010011
01001001101011000000000001010011
01011011101011000000000001010011
01101101101011000000000001010011
01111111101011000000000001010011
00000001101111001000000001010011
00010011101111001000000001010011
00100101101111001000000001010011
00110111101111001000000001010011
01001001101111001000000001010011
01011011101111001000000001010011
01101101101111001000000001010011
01111111101111001100000001010011
00000000011000100000000001010011
00010010011000100000000001010011
00100100011000100000000001010011
00110110011000100000000001010011
01001000011000100000000001010011
01011010011000100000000001010011
01101100011000100000000001010011
01111110011000100000000001010011
00000000011100101000000001010011
00010010011100101000000001010011
00100100011100101000000001010011
00110110011100101000000001010011
01001000011100101000000001010011
01011010011100101000000001010011
01101100011100101000000001010011
01111110011100101100000001010011
00000001011010100000000001010011
00010011011010100000000001010011
00100101011010100000000001010011
00110111011010100000000001010011
01001001011010100000000001010011
01011011011010100000000001010011
01101101011010100000000001010011
01111111011010100000000001010011
00000001011110101000000001010011
00010011011110101000000001010011
00100101011110101000000001010011
00110111011110101000000001010011
01001001011110101000000001010011
01011011011110101000000001010011
01101101011110101000000001010011
01111111011110101100000001010011
00000000111001100000000001010011
00010010111001100000000001010011
00100100111001100000000001010011
00110110111001100000000001010011
01001000111001100000000001010011
01011010111001100000000001010011
01101100111001100000000001010011
01111110111001100000000001010011
00000000111101101000000001010011
00010010111101101000000001010011
00100100111101101000000001010011
00110110111101101000000001010011
01001000111101101000000001010011
01011010111101101000000001010011
01101100111101101000000001010011
01111110111101101100000001010011
00000001111011100000000001010011
00010011111011100000000001010011
00100101111011100000000001010011
00110111111011100000000001010011
01001001111011100000000001010011
01011011111011100000000001010011
01101101111011100000000001010011
01111111111011100000000001010011
00000001111111101000000001010011
00010011111111101000000001010011
00100101111111101000000001010011
00110111111111101000000001010011
01001001111111101000000001010011
01011011111111101000000001010011
01101101111111101000000001010011
01111111111111101000000001010011
11011000000000000000000001011011
11000100000000000000000001011011
00000000000100000000000001010011
00010010000100000000000001010011
00100100000100000000000001010011
00110110000100000000000001010011
01001000000100000000000001010011
01011010000100000000000001010011
01101100000100000000000001010011
01111110000100000100000001010011
00000001000110000000000001010011
00010011000110000000000001010011
00100101000110000000000001010011
00110111000110000000000001010011
01001001000110000000000001010011
01011011000110000000000001010011
01101101000110000000000001010011
01111111000110000100000001010011
00000000100101000000000001010011
00010010100101000000000001010011
00100100100101000000000001010011
00110110100101000000000001010011
01001000100101000000000001010011
01011010100101000000000001010011
01101100100101000000000001010011
01111110100101000100000001010011
00000001100111000000000001010011
00010011100111000000000001010011
00100101100111000000000001010011
00110111100111000000000001010011
01001001100111000000000001010011
01011011100111000000000001010011
01101101100111000000000001010011
01111111100111000100000001010011
00000000010100100000000001010011
00010010010100100000000001010011
00100100010100100000000001010011
00110110010100100000000001010011
01001000010100100000000001010011
01011010010100100000000001010011
01101100010100100000000001010011
01111110010100100100000001010011
00000001010110100000000001010011
00010011010110100000000001010011
00100101010110100000000001010011
00110111010110100000000001010011
01001001010110100000000001010011
01011011010110100000000001010011
01101101010110100000000001010011
01111111010110100100000001010011
00000000110101100000000001010011
00010010110101100000000001010011
00100100110101100000000001010011
00110110110101100000000001010011
01001000110101100000000001010011
01011010110101100000000001010011
01101100110101100000000001010011
01111110110101100100000001010011
00000001110111100000000001010011
00010011110111100000000001010011
00100101110111100000000001010011
00110111110111100000000001010011
01001001110111100000000001010011
01011011110111100000000001010011
01101101110111100000000001010011
01111111110111100100000001010011
00000000001100010000000001010011
00010010001100010000000001010011
00100100001100010000000001010011
00110110001100010000000001010011
01001000001100010000000001010011
01011010001100010000000001010011
01101100001100010000000001010011
01111110001100010100000001010011
00000001001110010000000001010011
00010011001110010000000001010011
00100101001110010000000001010011
00110111001110010000000001010011
01001001001110010000000001010011
01011011001110010000000001010011
01101101001110010000000001010011
01111111001110010100000001010011
00000000101101010000000001010011
00010010101101010000000001010011
00100100101101010000000001010011
00110110101101010000000001010011
01001000101101010000000001010011
01011010101101010000000001010011
01101100101101010000000001010011
01111110101101010100000001010011
00000001101111010000000001010011
00010011101111010000000001010011
00100101101111010000000001010011
00110111101111010000000001010011
01001001101111010000000001010011
01011011101111010000000001010011
01101101101111010000000001010011
01111111101111010100000001010011
00000000011100110000000001010011
00010010011100110000000001010011
00100100011100110000000001010011
00110110011100110000000001010011
01001000011100110000000001010011
01011010011100110000000001010011
01101100011100110000000001010011
01111110011100110100000001010011
00000001011110110000000001010011
00010011011110110000000001010011
00100101011110110000000001010011
00110111011110110000000001010011
01001001011110110000000001010011
01011011011110110000000001010011
01101101011110110000000001010011
01111111011110110100000001010011
00000000111101110000000001010011
00010010111101110000000001010011
00100100111101110000000001010011
00110110111101110000000001010011
01001000111101110000000001010011
01011010111101110000000001010011
01101100111101110000000001010011
01111110111101110100000001010011
00000001111111110000000001010011
00010011111111110000000001010011
00100101111111110000000001010011
00110111111111110000000001010011
01001001111111110000000001010011
01011011111111110000000001010011
01101101111111110000000001010011
01111111111111110000000001010011
11011000000000000000000001011011
11000100000000000000000001011011
01000000000000000000000001010011
01010010000000000000000001010011
01100100000000000000000001010011
01110110000000000100000001010011
01000001000010000000000001010011
01010011000010000000000001010011
01100101000010000000000001010011
01110111000010000100000001010011
01000000100001000000000001010011
01010010100001000000000001010011
01100100100001000000000001010011
01110110100001000100000001010011
01000001100011000000000001010011
01010011100011000000000001010011
01100101100011000000000001010011
01110111100011000100000001010011
01000000010000100000000001010011
01010010010000100000000001010011
01100100010000100000000001010011
01110110010000100100000001010011
01000001010010100000000001010011
01010011010010100000000001010011
01100101010010100000000001010011
01110111010010100100000001010011
01000000110001100000000001010011
01010010110001100000000001010011
01100100110001100000000001010011
01110110110001100100000001010011
01000001110011100000000001010011
01010011110011100000000001010011
01100101110011100000000001010011
01110111110011100100000001010011
01000000001000010000000001010011
01010010001000010000000001010011
01100100001000010000000001010011
01110110001000010100000001010011
01000001001010010000000001010011
01010011001010010000000001010011
01100101001010010000000001010011
01110111001010010100000001010011
01000000101001010000000001010011
01010010101001010000000001010011
01100100101001010000000001010011
01110110101001010100000001010011
01000001101011010000000001010011
01010011101011010000000001010011
01100101101011010000000001010011
01110111101011010100000001010011
01000000011000110000000001010011
01010010011000110000000001010011
01100100011000110000000001010011
01110110011000110100000001010011
01000001011010110000000001010011
01010011011010110000000001010011
01100101011010110000000001010011
01110111011010110100000001010011
01000000111001110000000001010011
01010010111001110000000001010011
01100100111001110000000001010011
01110110111001110100000001010011
01000001111011110000000001010011
01010011111011110000000001010011
01100101111011110000000001010011
01110111111011110100000001010011
01000000000100001000000001010011
01010010000100001000000001010011
01100100000100001000000001010011
01110110000100001100000001010011
01000001000110001000000001010011
01010011000110001000000001010011
01100101000110001000000001010011
01110111000110001100000001010011
01000000100101001000000001010011
01010010100101001000000001010011
01100100100101001000000001010011
01110110100101001100000001010011
01000001100111001000000001010011
01010011100111001000000001010011
01100101100111001000000001010011
01110111100111001100000001010011
01000000010100101000000001010011
01010010010100101000000001010011
01100100010100101000000001010011
01110110010100101100000001010011
01000001010110101000000001010011
01010011010110101000000001010011
01100101010110101000000001010011
01110111010110101100000001010011
01000000110101101000000001010011
01010010110101101000000001010011
01100100110101101000000001010011
01110110110101101100000001010011
01000001110111101000000001010011
01010011110111101000000001010011
01100101110111101000000001010011
01110111110111101100000001010011
01000000001100011000000001010011
01010010001100011000000001010011
01100100001100011000000001010011
01110110001100011100000001010011
01000001001110011000000001010011
01010011001110011000000001010011
01100101001110011000000001010011
01110111001110011100000001010011
01000000101101011000000001010011
01010010101101011000000001010011
01100100101101011000000001010011
01110110101101011100000001010011
01000001101111011000000001010011
01010011101111011000000001010011
01100101101111011000000001010011
01110111101111011100000001010011
01000000011100111000000001010011
01010010011100111000000001010011
01100100011100111000000001010011
01110110011100111100000001010011
01000001011110111000000001010011
01010011011110111000000001010011
01100101011110111000000001010011
01110111011110111100000001010011
01000000111101111000000001010011
01010010111101111000000001010011
01100100111101111000000001010011
01110110111101111100000001010011
01000001111111111000000001010011
01010011111111111000000001010011
01100101111111111000000001010011
01110111111111111000000001010011
11011000000000000000000001011011
11000100000000000000000001011011
00100000000000000000000001010011
00110010000000000100000001010011
00100001000010000000000001010011
00110011000010000100000001010011
00100000100001000000000001010011
00110010100001000100000001010011
00100001100011000000000001010011
00110011100011000100000001010011
00100000010000100000000001010011
00110010010000100100000001010011
00100001010010100000000001010011
00110011010010100100000001010011
00100000110001100000000001010011
00110010110001100100000001010011
00100001110011100000000001010011
00110011110011100100000001010011
00100000001000010000000001010011
00110010001000010100000001010011
00100001001010010000000001010011
00110011001010010100000001010011
00100000101001010000000001010011
00110010101001010100000001010011
00100001101011010000000001010011
00110011101011010100000001010011
00100000011000110000000001010011
00110010011000110100000001010011
00100001011010110000000001010011
00110011011010110100000001010011
00100000111001110000000001010011
00110010111001110100000001010011
00100001111011110000000001010011
00110011111011110100000001010011
00100000000100001000000001010011
00110010000100001100000001010011
00100001000110001000000001010011
00110011000110001100000001010011
00100000100101001000000001010011
00110010100101001100000001010011
00100001100111001000000001010011
00110011100111001100000001010011
00100000010100101000000001010011
00110010010100101100000001010011
00100001010110101000000001010011
00110011010110101100000001010011
00100000110101101000000001010011
00110010110101101100000001010011
00100001110111101000000001010011
00110011110111101100000001010011
00100000001100011000000001010011
00110010001100011100000001010011
00100001001110011000000001010011
00110011001110011100000001010011
00100000101101011000000001010011
00110010101101011100000001010011
00100001101111011000000001010011
00110011101111011100000001010011
00100000011100111000000001010011
00110010011100111100000001010011
00100001011110111000000001010011
00110011011110111100000001010011
00100000111101111000000001010011
00110010111101111100000001010011
00100001111111111000000001010011
00110011111111111100000001010011
01101000000000000000000001010011
01111010000000000100000001010011
01101001000010000000000001010011
01111011000010000100000001010011
01101000100001000000000001010011
01111010100001000100000001010011
01101001100011000000000001010011
01111011100011000100000001010011
01101000010000100000000001010011
01111010010000100100000001010011
01101001010010100000000001010011
01111011010010100100000001010011
01101000110001100000000001010011
01111010110001100100000001010011
01101001110011100000000001010011
01111011110011100100000001010011
01101000001000010000000001010011
01111010001000010100000001010011
01101001001010010000000001010011
01111011001010010100000001010011
01101000101001010000000001010011
01111010101001010100000001010011
01101001101011010000000001010011
01111011101011010100000001010011
01101000011000110000000001010011
01111010011000110100000001010011
01101001011010110000000001010011
01111011011010110100000001010011
01101000111001110000000001010011
01111010111001110100000001010011
01101001111011110000000001010011
01111011111011110100000001010011
01101000000100001000000001010011
01111010000100001100000001010011
01101001000110001000000001010011
01111011000110001100000001010011
01101000100101001000000001010011
01111010100101001100000001010011
01101001100111001000000001010011
01111011100111001100000001010011
01101000010100101000000001010011
01111010010100101100000001010011
01101001010110101000000001010011
01111011010110101100000001010011
01101000110101101000000001010011
01111010110101101100000001010011
01101001110111101000000001010011
01111011110111101100000001010011
01101000001100011000000001010011
01111010001100011100000001010011
01101001001110011000000001010011
01111011001110011100000001010011
01101000101101011000000001010011
01111010101101011100000001010011
01101001101111011000000001010011
01111011101111011100000001010011
01101000011100111000000001010011
01111010011100111100000001010011
01101001011110111000000001010011
01111011011110111100000001010011
01101000111101111000000001010011
01111010111101111100000001010011
01101001111111111000000001010011
01111011111111111000000001010011
00000000000000000000001000010011
00100010010000000101000010001011
00100100010000000101000010001011
00100110010000000101000010001011
00101000010000000101000010001011
00101010010000000101000010001011
00101100010000000101000010001011
00101110010000000101000010001011
00110000010000000101000010001011
00110010010000000101000010001011
00110100010000000101000010001011
00110110010000000101000010001011
00111000010000000101000010001011
00111010010000000101000010001011
00111100010000000101000010001011
00111110010000000101000010001011
01000000010000000101000010001011
01000010010000000101000010001011
01000100010000000101000010001011
01000110010000000101000010001011
01001000010000000101000010001011
01001010010000000101000010001011
01001100010000000101000010001011
01001110010000000101000010001011
01010000010000000101000010001011
01010010010000000101000010001011
01010100010000000101000010001011
01010110010000000101000010001011
01011000010000000101000010001011
01011010010000000101000010001011
01011100010000000101000010001011
01011110010000000101000010001011
01100000010000000101000000001011
00000000000000000000000001110011
