00000000000000000000000100010011
00000000000100000000000110010011
00000010000000000000001000010011
00000000001000000100000000001011
00000000001100100100000000001011
00000000000100000001000000111011
00000010000100000010000000111011
01001000000100000010000100111011
00000100000100000000000000111011
00001010000100000000000000111011
00010000000100000000000000111011
00000110000100000010000000111011
00001100000100000010000000111011
00010010000100000010000000111011
01111000000100000010000100111011
00001110000100000000000000111011
00010100000100000000000000111011
00011010000100000000000000111011
00010110000100000010000000111011
01011100000100000010000110111011
01111110000100000000000110111011
00000000001000000000001000010011
00100000010000000101000010001011
00100010010000000101000010001011
00000000000000000000000001110011
