00000000000000000000000100010011
00000000000100000000000110010011
00000010000000000000001000010011
00000100000000000000001010010011
00000000100100000000001100010011
00000000101000000000001110010011
00000110000000000000010000010011
00000000101100000000010010010011
00001000000000000000010100010011
00000000110000000000010110010011
00001010000000000000011000010011
00000000001000000100000000001011
00000000001100100100000000001011
00000000011000101100000000001011
00000000011101000100000000001011
00000000100101010100000000001011
00000000101101100100000000001011
10000000000001001000000001011011
10000000000101010000000001011011
10000000001101100000000001011011
10000000010001011000000001011011
11000100000000000000000001011011
01000000000100001000000001010011
01010010000100001000000001010011
01100100000100001000000001010011
01110110000100001000000001010011
11011000000000000000000001011011
11000100000000000000000001011011
00100000000100001000000001010011
00110010000100001000000001010011
11001000000000000000000001011011
11000100000000000000000001011011
01101000000100001000000001010011
01111010000100001000000001010011
11011000000000000000000001011011
11000100000000000000000001011011
00010000000100001000000001010011
11001000000000000000000001011011
11000100000000000000000001011011
01011000000100001000000001010011
11001000000000000000000001011011
11000100000000000000000001011011
00110100000100001000000001010011
11001000000000000000000001011011
11000100000000000000000001011011
01111100000100001000000001010011
00000000000100000000001000010011
00100000010000000101000000001011
00001100000000000000011000010011
00000000100101100100000000001011
11011000000000000000000001011011
11011000000000000000000001011011
10000000010001011000000001011011
11000100000000000000000001011011
00010000000100001000000001010111
11001000000000000000000001011011
11000100000000000000000001011011
01011000000100001000000001010111
11001000000000000000000001011011
11000100000000000000000001011011
00110100000100001000000001010111
11001000000000000000000001011011
11000100000000000000000001011011
01111100000100001000000001010111
11011000000000000000000001011011
11000100000000000000000001011011
00100000000100001000000001010111
00110010000100001000000001010111
11001000000000000000000001011011
11000100000000000000000001011011
01101000000100001000000001010111
01111010000100001000000001010111
11011000000000000000000001011011
11000100000000000000000001011011
01000000000100001000000001010111
01010010000100001000000001010111
01100100000100001000000001010111
01110110000100001000000001010111
00000000000100000000001000010011
00100010010000000101000000001011
00000000000000000000000001110011
