00000000000000000000000100010011
00000010000000000000000110010011
00000100000000000000001000010011
00000110000000000000001010010011
00000000001000000100000000001011
10000000000000000000000001011011
00000000000000000000000011011011
00000000000000001001000100101011
10000000000000010000000001011011
00000001000000000000010011001111
00000000111000000000110000010011
00000001100001001000010010110011
10000001000001001000000001001111
00000000000000000000000001011011
00000000000000000000001000010011
00100010010000000101000000001011
00000100000000000000001000010011
00000000001000100100000000001011
10000000001100000000000001011011
00000000001100000000000011011011
00000000000000001001000100101011
10000000001100010000000001011011
00000100000000000000010011001111
00000110000000000000110000010011
00000001100001001000010010110011
10000100000001001000000001001111
00000100000100000000010011001111
00000110000100000000110000010011
00000001100001001000010010110011
10000100000101001000000001001111
00000100001000000000010011001111
00000110001000000000110000010011
00000001100001001000010010110011
10000100001001001000000001001111
00000100001100000000010011001111
00000110001100000000110000010011
00000001100001001000010010110011
10000100001101001000000001001111
00000100010000000000010011001111
00000110010000000000110000010011
00000001100001001000010010110011
10000100010001001000000001001111
00000100010100000000010011001111
00000110010101001000010010010011
10000100010101001000000001001111
00000100011000000000010011001111
00000110011000000000110000010011
00000001100001001000010010110011
10000100011001001000000001001111
00000100011100000000010011001111
00000110011100000000110000010011
00000001100001001000010010110011
10000100011101001000000001001111
00000000001100000000000001011011
00000000000000000000001000010011
00100100010000000101000000001011
00000000000000000000001000010011
00000000000100000000000100010011
10000000000000010000000001001111
00000000000000000000010011001111
00100110100100100010000000100011
00001000000000000000000110010011
10000000000100011000000001001111
00000000000100000000010011001111
00100110100100100010001000100011
00000000000000000000001000010011
10000000001000100000000001001111
00000000001000000000010011001111
00100110100100100010010000100011
00000000000100000000001010010011
10000000010100101000000001001111
00000000010100000000010011001111
00100110100100100010011000100011
00000000000000000000000001110011
