00000000000000000000000100010011
00000010000000000000000110010011
00000000001000000100000000001011
10000000000000000000000001011011
00000000001000011100000000001011
10000000000100000000000001011011
00000100001000000100000000001011
10000000011100000000000001011011
00000001000000000000000110010011
00000000000000000000001000010011
01000000000000000000001010010011
00000000000000000000001100010011
00000001100000000000110000010011
00000000110100001001000001111011
00001000001000100100000100001011
00001000001100101100000100001011
11000000000000000000000101011011
00000000000000000001010001111011
10000000000000000001000011001011
00000001000000000000110001001011
00010011000000000001110001001011
00100101000000000010110001001011
00110111000000000011110001001011
01001001000000000100110001001011
01011011000000000101110001001011
01101101000000000110110001001011
01111111000000000111110001001011
00001001100000110101000100001011
00000000000000000000000001110011
