00000000000000000000000100010011
00000000000100000000000110010011
00000010000000000000001000010011
00000100000000000000001010010011
00000000100100000000001100010011
00000000101000000000001110010011
00000110000000000000010000010011
00000000001000000100000000001011
00000000001100100100000000001011
00000000011000101100000000001011
00000000011101000100000000001011
10000000000001001000000001011011
10000000000101010000000001011011
00000000000100000000000011001011
00010000000100000001000011001011
00100000000100000010000011001011
00110000000100000011000011001011
01000000000100000100000011001011
01010000000100000101000011001011
01100000000100000110000011001011
01110000000100000111000011001011
00000000000100001000000101001011
00010010000100001001000101001011
00100100000100001010000101001011
00110110000100001011000101001011
01001000000100001100000101001011
01011010000100001101000101001011
01101100000100001110000101001011
01111110000100001111000101001011
00010000000100001000000111001011
00110100000100001001000111001011
01011000000100001010000111001011
01111100000100001011000111001011
00100000000100001100000111001011
00110010000100001101000111001011
01101000000100001110000111001011
01111010000100001111000111001011
00010000000000010000000101001011
00010010000000010001000101001011
00010100000000010010000101001011
00010110000000010011000101001011
00011000000000010100000101001011
00011010000000010101000101001011
00011100000000010110000101001011
00011110000000010111000101001011
00010000000000011000000111001011
00010010000000011001000111001011
00010100000000011010000111001011
00010110000000011011000111001011
00011000000000011100000111001011
00011010000000011101000111001011
00011100000000011110000111001011
00011110000000011111000111001011
00000000001000000000001000010011
00100000010000000101000010001011
00100010010000000101000010001011
00000000000000000000000001110011
