00000000000000000000000100010011
00000010000000000000000110010011
00000100000000000000011100010011
00001000000000000000011110010011
00000000001000000100000000001011
10000000000000000000000001011011
00001100001000000100001000001011
10000000011100000000000001011011
00000000001000011100000000001011
10000000000100000000000001011011
00000000001001110100000000001011
10000000001100000000000001011011
00000000001001111100000000001011
10000000010000000000000001011011
00000000000100000000000100010011
10000000000000010000000001001111
00001000000000000000000110010011
10000000000100011000000001001111
00000000000000000000001000010011
10000000001000100000000001001111
00000000000100000000001010010011
10000000010100101000000001001111
00000000000000000000010100010011
00000000000000000000101000010011
00000000000000000000101010010011
00000000000100001001000001111011
00001101010110100100000010001011
00000010000010100000101000010011
00000000110000000001010001111011
11000100000000000000000001011011
00000000011000011000000001111011
11000000000000000000000101011011
00000000000000010000000001111011
10000000000000000000000011010111
11000000000000000100001001011011
11000000000000000100000001011011
11000000000000000100000001011011
11000000000000000100000001011011
11000000000000000011110001011011
00000000000100011101000110010011
00000000000100010001000100010011
10000000001000100000000001001111
00000000000000000000010110010011
00000000000100001001000001111011
00001100101101010101000010001011
00000010000001010000010100010011
00000000000000000000000100010011
00000000001001110100000000001011
10000000001100000000000001011011
00000000001001111100000000001011
10000000010000000000000001011011
00000000000100000000000100010011
10000000000000010000000001001111
00001000000000000000000110010011
10000000000100011000000001001111
00000000000000000000001000010011
10000000001000100000000001001111
00000000000000000000101010010011
00000000000100001001000001111011
00001101010110100100000010001011
00000010000010100000101000010011
00000000111000000001010001111011
11000100000000000000000001011011
11000000000000000100000001011011
11000000000000000100000001011011
00000000011000011000000001111011
11000000000000000000000101011011
00000000000000010000000001111011
10000000000000000000000011010111
11000000000000000100001001011011
11000000000000000100000001011011
11000000000000000100000001011011
11000000000000000100000001011011
11000000000000000011110001011011
00000000000100011101000110010011
00000000000100010001000100010011
10000000001000100000000001001111
00000000000000000000010110010011
00000000000100001001000001111011
00001100101101010101000010001011
00000010000001010000010100010011
00000000000000000000000100010011
00000000001001110100000000001011
10000000001100000000000001011011
00000000001001111100000000001011
10000000010000000000000001011011
00000000000100000000000100010011
10000000000000010000000001001111
00001000000000000000000110010011
10000000000100011000000001001111
00000000000000000000001000010011
10000000001000100000000001001111
00000000000000000000101010010011
00000000000100001001000001111011
00001101010110100100000010001011
00000010000010100000101000010011
00000000110100000001010001111011
11000100000000000000000001011011
11000000000000000100000001011011
00000000011000011000000001111011
11000000000000000000000101011011
00000000000000010000000001111011
10000000000000000000000011010111
11000000000000000100001001011011
11000000000000000100000001011011
11000000000000000100000001011011
11000000000000000100000001011011
11000000000000000011110001011011
00000000000100011101000110010011
00000000000100010001000100010011
10000000001000100000000001001111
00000000000000000000010110010011
00000000000100001001000001111011
00001100101101010101000010001011
00000010000001010000010100010011
00000000000000000000000100010011
00000000001001110100000000001011
10000000001100000000000001011011
00000000001001111100000000001011
10000000010000000000000001011011
00000000000100000000000100010011
10000000000000010000000001001111
00001000000000000000000110010011
10000000000100011000000001001111
00000000000000000000001000010011
10000000001000100000000001001111
00000000000000000000101010010011
00000000000100001001000001111011
00001101010110100100000010001011
00000010000010100000101000010011
00000000111100000001010001111011
11000100000000000000000001011011
11000000000000000100000001011011
11000000000000000100000001011011
11000000000000000100000001011011
00000000011000011000000001111011
11000000000000000000000101011011
00000000000000010000000001111011
10000000000000000000000011010111
11000000000000000100001001011011
11000000000000000100000001011011
11000000000000000100000001011011
11000000000000000100000001011011
11000000000000000011110001011011
00000000000100011101000110010011
00000000000100010001000100010011
10000000001000100000000001001111
00000000000000000000010110010011
00000000000100001001000001111011
00001100101101010101000010001011
00000010000001010000010100010011
00000000000000000000101000010011
00000000000000000000101010010011
00000001000000000000001110010011
01000000000000000000001100010011
01000000000000000000010010010011
00000000000000000000010100010011
00001000000000000000000100010011
10000000000000010000000001001111
00000000000100000000000110010011
10000000000100011000000001001111
00000000000000000000001000010011
10000000001000100000000001001111
11000100000000000000000001011011
00000001011000000001000101111011
00000001000000000001000101111011
00000000001100000001100001111011
00001101010110100100000010001011
00001100011100110100000010001011
00000010000010100000101000010011
00000010000000110000001100010011
11000000000000000000000101011011
00000000000000010000000001111011
10000000000000000000000011010111
00000001000000000000010000010011
00000000000000000000010110010011
00000000001100000001100001111011
00001100101101010101000010001011
00001100100001001101000010001011
00000010000001010000010100010011
00000010000001001000010010010011
00000000000000000000101010010011
00000001000000000000001110010011
11000000000000000100000001011011
01000000000001010000010100010011
01000000000010100000101000010011
01000000000001001000010010010011
01000000000000110000001100010011
11000000000000000011000001011011
00001000000000000000000100010011
10000000000000010000000001001111
00000000000100000000000110010011
10000000000100011000000001001111
00000000000000000000001000010011
10000000001000100000000001001111
00000000000000000000101000010011
00000000000000000000101010010011
00000001000000000000001110010011
00000000000000000001001100110111
10000000000000110000001100010011
00000000000000000001010010110111
10000000000001001000010010010011
00000000000000000000010100010011
11000100000000000000000001011011
00000001001100000001001001111011
00000000001100000001100001111011
00001101010110100100000010001011
00001100011100110100000010001011
00000010000010100000101000010011
00000010000000110000001100010011
11000000000000000000000101011011
00000000000000010000000001111011
10000000000000000000000011010111
00000001000000000000010000010011
00000000000000000000010110010011
10000000001101011000000001001111
00000000000001000001000001111011
10000000000000000001000011001011
00000000001100000001100001111011
00001100101101010101000010001011
00001100100001001101000010001011
00000010000001010000010100010011
00000010000001001000010010010011
00000000000000000000101010010011
00000001000000000000001110010011
00000000000000000000000001110011
