00000000000000000000000100010011
00000000000100000000000110010011
00000010000000000000001000010011
00000100000000000000001010010011
00000000100100000000001100010011
00000000001000000100000000001011
00000000001100100100000000001011
00000000011000101100000000001011
10000000000001001000000001011011
00000000000100000000000101000011
00000000000100000000000111000111
00010010000100000001000101000011
00010010000100000001000111000111
00100100000100000010000101000011
00100100000100000010000111000111
00110110000100000011000101000011
00110110000100000011000111000111
01001000000100000100000101000011
01001000000100000100000111000111
01011010000100000101000101000011
01011010000100000101000111000111
01101100000100000110000101000011
01101100000100000110000111000111
01111110000100000111000101000011
01111110000100000111000111000111
00000000001000000000001000010011
00100000010000000101000010001011
00100010010000000101000010001011
00000000000000000000000001110011
