00000000000000000000000100010011
00000010000000000000000110010011
00000000001000000100000000001011
10000000000000000000000001011011
00000000001000011100000000001011
10000000000100000000000001011011
00000100001000011100000000001011
10000000001100000000000001011011
00000100001000010100000000001011
10000000011100000000000001011011
00000000000000000000001000010011
01000000000000000000001010010011
00000000000000000000001100010011
00000000000000000000000100010011
00000001000000000000000110010011
00000000000000000000110000010011
00001000000000000000001110010011
00001000000000000000000100010011
10000000000000010000000001001111
00000000000100000000010010010011
10000000000101001000000001001111
00000000000000000000000100010011
10000000001000010000000001001111
00000010110000000001001001111011
00000000001000111100000100001011
10000000010000000000000001011011
00000010100000000001010001111011
00010000001000100100000100001011
00010000001100101100000100001011
11000100000000000000000101011011
10000000000000000001000011001011
10000000000000000001000011001011
00010001000000000000110001001011
00000011000000000001110001001011
00000001000000000000000001001011
00010011000000000001000001001011
00010000000000000000000001010011
00000011100011000001000001000011
11000010000000000000000001011011
10000000000000000001000011001011
10000000000000000001000011001011
00110101000000000010110001001011
00100111000000000011110001001011
00100101000000000010000001001011
00110111000000000011000001001011
00110100000000000000000001010011
00100111100011000011000001000011
11000010000000000000000001011011
11001000000000000100000001011011
10000000000000000001000011001011
10000000000000000001000011001011
01011001000000000100110001001011
01001011000000000101110001001011
01001001000000000100000001001011
01011011000000000101000001001011
01011000000000000000000001010011
01001011100011000101000001000011
11000010000000000000000001011011
10000000000000000001000011001011
10000000000000000001000011001011
01111101000000000110110001001011
01101111000000000111110001001011
01101101000000000110000001001011
01111111000000000111000001001011
01111100000000000000000001010011
01101111100011000111000001000011
11000010000000000000000001011011
00010001100000110101000100001011
00000000000000000000000000010011
00000000000000000000000001110011
