00000000000000000000000100010011
00000010000000000000000110010011
00000100000000000000001000010011
00000110000000000000001010010011
00000000001000000100000000001011
10000000000000000000000001011011
01001000001000000100000000001011
10000000011100000000000001011011
00000000001000011100000000001011
10000000000100000000000001011011
00000000001000100100000000001011
10000000001100000000000001011011
00000000001000101100000000001011
10000000010000000000000001011011
00001000001000000100000010001011
00001010001000000100000010001011
00001100001000000100000010001011
00001110001000000100000010001011
00010000001000000100000010001011
00010010001000000100000010001011
00010100001000000100000010001011
00010110001000000100000010001011
00011000001000000100000010001011
00011010001000000100000010001011
00011100001000000100000010001011
00011110001000000100000010001011
00100000001000000100000010001011
00100010001000000100000010001011
00100100001000000100000010001011
00100110001000000100000010001011
00101000001000000100000010001011
00101010001000000100000010001011
00101100001000000100000010001011
00101110001000000100000010001011
00110000001000000100000010001011
00110010001000000100000010001011
00110100001000000100000010001011
00110110001000000100000010001011
00111000001000000100000010001011
00111010001000000100000010001011
00111100001000000100000010001011
00111110001000000100000010001011
01000000001000000100000010001011
01000010001000000100000010001011
01000100001000000100000010001011
01000110001000000100000000001011
00000000001000000000000100010011
10000000000000010000000001001111
00000100000000000000000110010011
10000000000100011000000001001111
00000000000000000000001000010011
10000000001000100000000001001111
00000000000100000000001010010011
10000000010100101000000001001111
00000000100100000001001111111011
11000100000000000000000001011011
00000000001100011000000001111011
11000000000000000000000101011011
00000000000000010000000001111011
10000000000000000000000011010111
11000000000000000100001001011011
11000000000000000011110001011011
00000000000100011101000110010011
00000000000100010001000100010011
10000000001000100000000001001111
10000000001100100000000001001111
00000000000001000001000001111011
10000000000000000001000011001011
00100010010000000101000010001011
00100100010000000101000010001011
00100110010000000101000010001011
00101000010000000101000010001011
00101010010000000101000010001011
00101100010000000101000010001011
00101110010000000101000010001011
00110000010000000101000010001011
00110010010000000101000010001011
00110100010000000101000010001011
00110110010000000101000010001011
00111000010000000101000010001011
00111010010000000101000010001011
00111100010000000101000010001011
00111110010000000101000010001011
01000000010000000101000010001011
01000010010000000101000010001011
01000100010000000101000010001011
01000110010000000101000010001011
01001000010000000101000010001011
01001010010000000101000010001011
01001100010000000101000010001011
01001110010000000101000010001011
01010000010000000101000010001011
01010010010000000101000010001011
01010100010000000101000010001011
01010110010000000101000010001011
01011000010000000101000010001011
01011010010000000101000010001011
01011100010000000101000010001011
01011110010000000101000010001011
01100000010000000101000000001011
00000000000000000000000001110011
